<WFATester Graph 1.00 4,0.000,60.000,0,-10.000,10.000,-10.000,10.000,0,0.000,100.000,0.000,100.000>
<WFATester Table 1.00  1650,4,0,12,5,t,1,12,5,f,2,12,5,f,5,12,5,f>
        Temps,        CO2%,        Flow,         O2%
   00:000.000,     0.00000,     0.45262,    17.52293
   00:000.020,     0.00000,     0.45384,    17.53537
   00:000.040,     0.00000,     0.45395,    17.56026
   00:000.060,     0.00000,     0.45355,    17.57271
   00:000.080,     0.00000,     0.45247,    17.58516
   00:000.100,     0.00000,     0.42983,    17.59760
   00:000.120,     4.07764,     0.40972,    17.59760
   00:000.140,     4.08042,     0.40002,    17.57893
   00:000.160,     4.09302,     0.40623,    17.59760
   00:000.180,     4.08783,     0.40416,    17.57893
   00:000.200,     4.08935,     0.38528,    17.57271
   00:000.220,     4.11141,     0.36726,    17.56026
   00:000.240,     4.11504,     0.36092,    17.55404
   00:000.260,     4.12915,     0.36284,    17.55404
   00:000.280,     4.14703,     0.36239,    17.52293
   00:000.300,     4.16037,     0.35889,    17.49803
   00:000.320,     4.17091,     0.35247,    17.49803
   00:000.340,     4.18103,     0.34640,    17.48559
   00:000.360,     4.19250,     0.34098,    17.46070
   00:000.380,     4.20633,     0.32702,    17.44825
   00:000.400,     4.21845,     0.30206,    17.42336
   00:000.420,     4.23281,     0.27302,    17.41091
   00:000.440,     4.24277,     0.24124,    17.38602
   00:000.460,     4.24998,     0.20075,    17.38602
   00:000.480,     4.25902,     0.14339,    17.36113
   00:000.500,     4.26963,     0.00000,    17.33624
   00:000.520,     4.28094,     0.00000,    17.33624
   00:000.540,     4.29053,    -0.17913,    17.32379
   00:000.560,     4.29923,    -0.25875,    17.29890
   00:000.580,     4.30911,    -0.36636,    17.29890
   00:000.600,     4.31967,    -0.47211,    17.28645
   00:000.620,     4.33102,    -0.56950,    17.26156
   00:000.640,     4.34233,    -0.64864,    17.24912
   00:000.660,     4.34918,    -0.69279,    17.22422
   00:000.680,     4.35757,    -0.71372,    17.21800
   00:000.700,     4.36651,    -0.73580,    17.19933
   00:000.720,     4.37342,    -0.76660,    17.20555
   00:000.740,     4.38476,    -0.80882,    17.19933
   00:000.760,     4.39576,    -0.85784,    17.16199
   00:000.780,     4.39981,    -0.89688,    17.14955
   00:000.800,     4.40535,    -0.91611,    17.14955
   00:000.820,     4.41175,    -0.92847,    17.13710
   00:000.840,     4.41797,    -0.95496,    17.12466
   00:000.860,     4.42328,    -0.98329,    17.13710
   00:000.880,     4.42732,    -0.99179,    17.11221
   00:000.900,     4.43546,    -0.99092,    17.09976
   00:000.920,     4.44363,    -0.99543,    17.09976
   00:000.940,     4.44441,    -1.01086,    17.06243
   00:000.960,     4.44480,    -1.04151,    17.07487
   00:000.980,     4.44103,    -1.07812,    17.07487
   00:001.000,     4.43161,    -1.11110,    17.09976
   00:001.020,     4.41730,    -1.13642,    17.09976
   00:001.040,     4.31990,    -1.14398,    17.12466
   00:001.060,     3.91135,    -1.13535,    17.33001
   00:001.080,     3.13817,    -1.12981,    17.92120
   00:001.100,     2.34107,    -1.13972,    18.86709
   00:001.120,     1.75231,    -1.16059,    19.79432
   00:001.140,     1.32941,    -1.17850,    20.46017
   00:001.160,     1.00351,    -1.18932,    20.93312
   00:001.180,     0.76585,    -1.20593,    21.28161
   00:001.200,     0.60399,    -1.22540,    21.51186
   00:001.220,     0.49327,    -1.22997,    21.65499
   00:001.240,     0.41749,    -1.22442,    21.76700
   00:001.260,     0.36602,    -1.22441,    21.82923
   00:001.280,     0.32981,    -1.21807,    21.87901
   00:001.300,     0.30612,    -1.18983,    21.89146
   00:001.320,     0.28914,    -1.16988,    21.90391
   00:001.340,     0.27570,    -1.17813,    21.91635
   00:001.360,     0.26655,    -1.18981,    21.91013
   00:001.380,     0.26058,    -1.18488,    21.91635
   00:001.400,     0.25714,    -1.16034,    21.94124
   00:001.420,     0.25412,    -1.11297,    21.92880
   00:001.440,     0.25249,    -1.05399,    21.91635
   00:001.460,     0.25052,    -1.01587,    21.90391
   00:001.480,     0.25011,    -1.00808,    21.90391
   00:001.500,     0.25072,    -0.99601,    21.89768
   00:001.520,     0.25172,    -0.96036,    21.87901
   00:001.540,     0.25110,    -0.90471,    21.87901
   00:001.560,     0.25116,    -0.84652,    21.87901
   00:001.580,     0.25272,    -0.79662,    21.86035
   00:001.600,     0.25364,    -0.74501,    21.85412
   00:001.620,     0.25270,    -0.68964,    21.85412
   00:001.640,     0.25217,    -0.63802,    21.85412
   00:001.660,     0.25177,    -0.58080,    21.86035
   00:001.680,     0.25060,    -0.50611,    21.85412
   00:001.700,     0.24932,    -0.41505,    21.84168
   00:001.720,     0.24845,    -0.31077,    21.84168
   00:001.740,     0.24748,    -0.18965,    21.85412
   00:001.760,     0.24641,     0.00000,    21.82923
   00:001.780,     0.24454,     0.15958,    21.84168
   00:001.800,     0.24512,     0.20625,    21.84790
   00:001.820,     0.24516,     0.27627,    21.82923
   00:001.840,     0.24504,     0.36430,    21.83545
   00:001.860,     0.24533,     0.44122,    21.83545
   00:001.880,     0.24748,     0.49100,    21.82923
   00:001.900,     0.24794,     0.52884,    21.83545
   00:001.920,     0.25125,     0.58369,    21.82923
   00:001.940,     0.25782,     0.64021,    21.82923
   00:001.960,     0.26464,     0.66418,    21.80434
   00:001.980,     0.26800,     0.67153,    21.81679
   00:002.000,     0.26838,     0.69743,    21.80434
   00:002.020,     0.26673,     0.75616,    21.79189
   00:002.040,     0.26404,     0.83387,    21.80434
   00:002.060,     0.25918,     0.90444,    21.81679
   00:002.080,     0.25326,     0.95133,    21.81679
   00:002.100,     0.24935,     0.95942,    21.81679
   00:002.120,     0.24704,     0.96811,    21.82923
   00:002.140,     0.24241,     0.97817,    21.81056
   00:002.160,     0.23860,     0.97719,    21.82923
   00:002.180,     0.23700,     0.97969,    21.83545
   00:002.200,     0.23477,     0.98457,    21.82923
   00:002.220,     0.23370,     0.99200,    21.84168
   00:002.240,     0.23368,     1.00041,    21.85412
   00:002.260,     0.23280,     0.99183,    21.84168
   00:002.280,     0.23212,     0.97465,    21.84168
   00:002.300,     0.23242,     0.97485,    21.85412
   00:002.320,     0.23273,     0.98752,    21.84790
   00:002.340,     0.23248,     1.00196,    21.82923
   00:002.360,     0.23482,     1.01422,    21.83545
   00:002.380,     0.24053,     1.01691,    21.84168
   00:002.400,     0.24687,     1.01208,    21.83545
   00:002.420,     0.25409,     1.00688,    21.82923
   00:002.440,     0.26053,     1.00729,    21.82923
   00:002.460,     0.26917,     1.00891,    21.82923
   00:002.480,     0.29562,     0.99949,    21.81056
   00:002.500,     0.36962,     0.98025,    21.75456
   00:002.520,     0.52252,     0.95164,    21.65499
   00:002.540,     0.75928,     0.92735,    21.43096
   00:002.560,     1.06221,     0.91436,    21.10114
   00:002.580,     1.40454,     0.89249,    20.69665
   00:002.600,     1.76062,     0.85180,    20.23615
   00:002.620,     2.10736,     0.81478,    19.80676
   00:002.640,     2.42009,     0.78664,    19.40227
   00:002.660,     2.68732,     0.75849,    19.05378
   00:002.680,     2.91031,     0.73456,    18.77375
   00:002.700,     3.09819,     0.70943,    18.53105
   00:002.720,     3.25627,     0.69072,    18.34436
   00:002.740,     3.38634,     0.67735,    18.19501
   00:002.760,     3.49096,     0.65399,    18.07055
   00:002.780,     3.57792,     0.63174,    17.99587
   00:002.800,     3.65043,     0.61768,    17.90875
   00:002.820,     3.71298,     0.60160,    17.84652
   00:002.840,     3.76443,     0.58233,    17.79674
   00:002.860,     3.80506,     0.57068,    17.74695
   00:002.880,     3.84174,     0.56085,    17.71584
   00:002.900,     3.87007,     0.54372,    17.69717
   00:002.920,     3.89515,     0.52658,    17.67850
   00:002.940,     3.91706,     0.51378,    17.67228
   00:002.960,     3.93326,     0.50316,    17.67228
   00:002.980,     3.94738,     0.49560,    17.66605
   00:003.000,     3.96812,     0.48728,    17.67228
   00:003.020,     3.98398,     0.47238,    17.65983
   00:003.040,     3.99226,     0.45934,    17.64739
   00:003.060,     4.00167,     0.45007,    17.65983
   00:003.080,     4.01161,     0.43748,    17.67228
   00:003.100,     4.02181,     0.42383,    17.67228
   00:003.120,     4.03247,     0.40650,    17.69717
   00:003.140,     4.03963,     0.39574,    17.69717
   00:003.160,     4.04652,     0.39951,    17.66605
   00:003.180,     4.05075,     0.40513,    17.65983
   00:003.200,     4.05616,     0.40309,    17.70962
   00:003.220,     4.06316,     0.39640,    17.72206
   00:003.240,     4.06622,     0.38564,    17.70339
   00:003.260,     4.06953,     0.37616,    17.70339
   00:003.280,     4.07628,     0.36932,    17.69717
   00:003.300,     4.08595,     0.35972,    17.67850
   00:003.320,     4.09501,     0.34855,    17.69717
   00:003.340,     4.10444,     0.33933,    17.69717
   00:003.360,     4.11623,     0.32952,    17.67228
   00:003.380,     4.12824,     0.32492,    17.65361
   00:003.400,     4.13912,     0.32644,    17.64739
   00:003.420,     4.15109,     0.32264,    17.62249
   00:003.440,     4.16606,     0.31850,    17.61005
   00:003.460,     4.17824,     0.31670,    17.59760
   00:003.480,     4.19022,     0.31026,    17.57893
   00:003.500,     4.20144,     0.30250,    17.56026
   00:003.520,     4.21110,     0.29528,    17.53537
   00:003.540,     4.22042,     0.28908,    17.53537
   00:003.560,     4.23402,     0.27751,    17.51670
   00:003.580,     4.24630,     0.26850,    17.49803
   00:003.600,     4.25677,     0.27070,    17.47314
   00:003.620,     4.26725,     0.26660,    17.47314
   00:003.640,     4.27880,     0.25703,    17.44825
   00:003.660,     4.29116,     0.25649,    17.42336
   00:003.680,     4.30131,     0.25421,    17.42336
   00:003.700,     4.31276,     0.24595,    17.39847
   00:003.720,     4.32332,     0.24626,    17.37980
   00:003.740,     4.33207,     0.24269,    17.36113
   00:003.760,     4.34163,     0.22731,    17.35491
   00:003.780,     4.35115,     0.21646,    17.35491
   00:003.800,     4.36013,     0.22308,    17.32379
   00:003.820,     4.37027,     0.23627,    17.32379
   00:003.840,     4.37793,     0.23505,    17.30512
   00:003.860,     4.38535,     0.22966,    17.27401
   00:003.880,     4.39556,     0.22902,    17.28023
   00:003.900,     4.40523,     0.22726,    17.25534
   00:003.920,     4.41211,     0.22047,    17.24912
   00:003.940,     4.41871,     0.21430,    17.23667
   00:003.960,     4.42507,     0.21216,    17.21178
   00:003.980,     4.43016,     0.20115,    17.20555
   00:004.000,     4.43511,     0.17360,    17.22422
   00:004.020,     4.44268,     0.13883,    17.19933
   00:004.040,     4.44802,     0.10206,    17.18689
   00:004.060,     4.45360,     0.00000,    17.18066
   00:004.080,     4.46226,     0.00000,    17.18066
   00:004.100,     4.46909,    -0.13100,    17.17444
   00:004.120,     4.47331,    -0.18587,    17.16199
   00:004.140,     4.48149,    -0.25586,    17.13710
   00:004.160,     4.49265,    -0.33159,    17.11221
   00:004.180,     4.50085,    -0.40684,    17.11221
   00:004.200,     4.50958,    -0.48153,    17.09976
   00:004.220,     4.51880,    -0.54899,    17.08109
   00:004.240,     4.52922,    -0.60983,    17.07487
   00:004.260,     4.53542,    -0.65971,    17.04998
   00:004.280,     4.54188,    -0.70574,    17.03131
   00:004.300,     4.55048,    -0.74837,    17.02509
   00:004.320,     4.55647,    -0.78363,    17.02509
   00:004.340,     4.56330,    -0.81641,    17.00642
   00:004.360,     4.57068,    -0.85454,    17.00020
   00:004.380,     4.58229,    -0.89807,    16.96286
   00:004.400,     4.59030,    -0.93746,    16.96286
   00:004.420,     4.59311,    -0.96613,    16.95041
   00:004.440,     4.59760,    -0.98631,    16.93797
   00:004.460,     4.60203,    -0.99432,    16.95041
   00:004.480,     4.60809,    -0.99045,    16.93174
   00:004.500,     4.61234,    -0.99151,    16.90685
   00:004.520,     4.61740,    -1.00024,    16.91307
   00:004.540,     4.61884,    -1.01536,    16.90063
   00:004.560,     4.60824,    -1.04585,    16.90063
   00:004.580,     4.58701,    -1.08252,    16.90685
   00:004.600,     4.55809,    -1.09864,    16.94419
   00:004.620,     4.45826,    -1.09638,    17.00020
   00:004.640,     4.11646,    -1.10362,    17.19933
   00:004.660,     3.42180,    -1.12310,    17.70962
   00:004.680,     2.57845,    -1.13560,    18.58083
   00:004.700,     1.92592,    -1.13962,    19.55162
   00:004.720,     1.56397,    -1.14520,    20.26104
   00:004.740,     1.38955,    -1.16062,    20.64686
   00:004.760,     1.30304,    -1.17710,    20.80866
   00:004.780,     1.21390,    -1.19120,    20.88334
   00:004.800,     1.04505,    -1.20992,    20.98291
   00:004.820,     0.82726,    -1.22449,    21.15715
   00:004.840,     0.63908,    -1.22275,    21.41229
   00:004.860,     0.50812,    -1.21417,    21.59898
   00:004.880,     0.42009,    -1.20453,    21.72344
   00:004.900,     0.35848,    -1.18667,    21.80434
   00:004.920,     0.31785,    -1.15983,    21.84790
   00:004.940,     0.29120,    -1.12772,    21.87901
   00:004.960,     0.27206,    -1.09404,    21.90391
   00:004.980,     0.25835,    -1.05830,    21.90391
   00:005.000,     0.24816,    -1.02169,    21.91013
   00:005.020,     0.24015,    -0.99529,    21.90391
   00:005.040,     0.23427,    -0.97285,    21.91013
   00:005.060,     0.23173,    -0.93097,    21.91013
   00:005.080,     0.22930,    -0.87438,    21.91013
   00:005.100,     0.22919,    -0.82983,    21.89146
   00:005.120,     0.23562,    -0.78192,    21.89146
   00:005.140,     0.25225,    -0.71787,    21.87901
   00:005.160,     0.28383,    -0.66971,    21.82923
   00:005.180,     0.32581,    -0.64655,    21.79189
   00:005.200,     0.36729,    -0.62008,    21.74211
   00:005.220,     0.40241,    -0.56634,    21.68610
   00:005.240,     0.43761,    -0.48268,    21.67988
   00:005.260,     0.47798,    -0.36913,    21.63010
   00:005.280,     0.52151,    -0.25029,    21.58031
   00:005.300,     0.56308,    -0.17554,    21.51808
   00:005.320,     0.59955,    -0.10764,    21.48074
   00:005.340,     0.63493,     0.00000,    21.45585
   00:005.360,     0.66676,     0.17327,    21.43096
   00:005.380,     0.68426,     0.24623,    21.39362
   00:005.400,     0.68529,     0.33797,    21.38118
   00:005.420,     0.67836,     0.41534,    21.38118
   00:005.440,     0.67396,     0.47381,    21.38740
   00:005.460,     0.66949,     0.52421,    21.40607
   00:005.480,     0.65409,     0.57502,    21.39362
   00:005.500,     0.62654,     0.63202,    21.41229
   00:005.520,     0.60301,     0.69080,    21.44963
   00:005.540,     0.58606,     0.74466,    21.46208
   00:005.560,     0.56578,     0.78607,    21.49319
   00:005.580,     0.54367,     0.81886,    21.50564
   00:005.600,     0.53498,     0.85881,    21.50564
   00:005.620,     0.54285,     0.90489,    21.53053
   00:005.640,     0.55783,     0.93329,    21.54297
   00:005.660,     0.57033,     0.94455,    21.49319
   00:005.680,     0.57848,     0.96512,    21.48074
   00:005.700,     0.57775,     0.99214,    21.48074
   00:005.720,     0.55411,     1.00040,    21.48074
   00:005.740,     0.49832,     0.99276,    21.50564
   00:005.760,     0.42504,     0.99037,    21.58031
   00:005.780,     0.35929,     0.99644,    21.68610
   00:005.800,     0.31782,     0.99454,    21.72966
   00:005.820,     0.29681,     0.98622,    21.77945
   00:005.840,     0.28678,     0.96963,    21.77945
   00:005.860,     0.28336,     0.94384,    21.80434
   00:005.880,     0.28437,     0.93324,    21.77945
   00:005.900,     0.28647,     0.94175,    21.80434
   00:005.920,     0.28578,     0.94995,    21.79189
   00:005.940,     0.28442,     0.93008,    21.79189
   00:005.960,     0.28591,     0.88985,    21.77945
   00:005.980,     0.28976,     0.85207,    21.79189
   00:006.000,     0.29669,     0.82158,    21.79812
   00:006.020,     0.32329,     0.80291,    21.76700
   00:006.040,     0.40128,     0.78759,    21.72966
   00:006.060,     0.56588,     0.76433,    21.60520
   00:006.080,     0.82717,     0.73134,    21.36251
   00:006.100,     1.15944,     0.69797,    21.00780
   00:006.120,     1.52524,     0.67977,    20.55352
   00:006.140,     1.89514,     0.66538,    20.08680
   00:006.160,     2.24580,     0.64093,    19.62007
   00:006.180,     2.55849,     0.61689,    19.22802
   00:006.200,     2.82335,     0.60670,    18.89198
   00:006.220,     3.03969,     0.59785,    18.63062
   00:006.240,     3.21406,     0.57986,    18.41904
   00:006.260,     3.35133,     0.56532,    18.25724
   00:006.280,     3.45984,     0.55326,    18.15767
   00:006.300,     3.54496,     0.53656,    18.07055
   00:006.320,     3.61556,     0.52153,    17.99587
   00:006.340,     3.67713,     0.50242,    17.92120
   00:006.360,     3.72276,     0.48485,    17.90253
   00:006.380,     3.75733,     0.48142,    17.87764
   00:006.400,     3.78819,     0.48504,    17.84652
   00:006.420,     3.81761,     0.48228,    17.84652
   00:006.440,     3.84252,     0.47040,    17.83408
   00:006.460,     3.86315,     0.46237,    17.82785
   00:006.480,     3.88132,     0.45538,    17.84652
   00:006.500,     3.89731,     0.43757,    17.83408
   00:006.520,     3.91314,     0.42497,    17.82163
   00:006.540,     3.93145,     0.41951,    17.80918
   00:006.560,     3.94752,     0.41123,    17.80296
   00:006.580,     3.96150,     0.40257,    17.80296
   00:006.600,     3.97258,     0.39072,    17.81541
   00:006.620,     3.98212,     0.38220,    17.79674
   00:006.640,     3.99459,     0.38178,    17.80918
   00:006.660,     4.00735,     0.37597,    17.79674
   00:006.680,     4.02151,     0.36352,    17.77185
   00:006.700,     4.03533,     0.35837,    17.75940
   00:006.720,     4.04615,     0.35647,    17.75940
   00:006.740,     4.06334,     0.35125,    17.74695
   00:006.760,     4.07946,     0.34437,    17.72206
   00:006.780,     4.09445,     0.33508,    17.72206
   00:006.800,     4.11093,     0.32430,    17.70339
   00:006.820,     4.12267,     0.31865,    17.67850
   00:006.840,     4.13350,     0.31951,    17.67850
   00:006.860,     4.14591,     0.31697,    17.66605
   00:006.880,     4.15995,     0.31043,    17.63494
   00:006.900,     4.17066,     0.30490,    17.62249
   00:006.920,     4.18139,     0.29879,    17.62249
   00:006.940,     4.19382,     0.29139,    17.59760
   00:006.960,     4.20274,     0.28954,    17.57893
   00:006.980,     4.21344,     0.28279,    17.57271
   00:007.000,     4.22378,     0.26658,    17.54782
   00:007.020,     4.23494,     0.26091,    17.53537
   00:007.040,     4.24737,     0.27107,    17.51670
   00:007.060,     4.25979,     0.28552,    17.49803
   00:007.080,     4.27062,     0.28525,    17.49803
   00:007.100,     4.28023,     0.27537,    17.47314
   00:007.120,     4.29167,     0.27124,    17.46070
   00:007.140,     4.30377,     0.26292,    17.44825
   00:007.160,     4.31531,     0.24809,    17.42336
   00:007.180,     4.32617,     0.23589,    17.41714
   00:007.200,     4.33593,     0.22673,    17.42336
   00:007.220,     4.34261,     0.21691,    17.39847
   00:007.240,     4.35172,     0.21004,    17.37980
   00:007.260,     4.35897,     0.20661,    17.37357
   00:007.280,     4.36437,     0.20670,    17.36113
   00:007.300,     4.37001,     0.20501,    17.36113
   00:007.320,     4.37904,     0.19843,    17.34868
   00:007.340,     4.38799,     0.18429,    17.31134
   00:007.360,     4.39672,     0.14845,    17.31134
   00:007.380,     4.40564,     0.07769,    17.31757
   00:007.400,     4.41695,     0.00000,    17.28023
   00:007.420,     4.42926,    -0.14235,    17.27401
   00:007.440,     4.44179,    -0.20627,    17.24912
   00:007.460,     4.45367,    -0.28346,    17.24912
   00:007.480,     4.46236,    -0.36378,    17.22422
   00:007.500,     4.47123,    -0.44223,    17.18689
   00:007.520,     4.47662,    -0.51655,    17.18066
   00:007.540,     4.48301,    -0.58285,    17.18066
   00:007.560,     4.49220,    -0.63752,    17.17444
   00:007.580,     4.50003,    -0.68755,    17.16822
   00:007.600,     4.50966,    -0.73993,    17.14955
   00:007.620,     4.52125,    -0.79358,    17.12466
   00:007.640,     4.53417,    -0.84133,    17.11221
   00:007.660,     4.54436,    -0.88332,    17.09976
   00:007.680,     4.55399,    -0.91970,    17.05620
   00:007.700,     4.56190,    -0.93760,    17.06243
   00:007.720,     4.56856,    -0.93635,    17.04376
   00:007.740,     4.57561,    -0.93521,    17.02509
   00:007.760,     4.58421,    -0.94316,    17.02509
   00:007.780,     4.58645,    -0.96480,    17.00020
   00:007.800,     4.58872,    -0.99797,    17.00642
   00:007.820,     4.59421,    -1.02583,    17.00020
   00:007.840,     4.60071,    -1.03780,    16.98153
   00:007.860,     4.60920,    -1.04474,    16.96286
   00:007.880,     4.60453,    -1.05810,    16.96286
   00:007.900,     4.57184,    -1.06836,    16.97530
   00:007.920,     4.51127,    -1.07118,    17.03131
   00:007.940,     4.35841,    -1.07763,    17.10599
   00:007.960,     3.90302,    -1.08848,    17.37980
   00:007.980,     3.08748,    -1.10165,    18.04566
   00:008.000,     2.21187,    -1.12056,    19.00400
   00:008.020,     1.53751,    -1.14029,    19.99967
   00:008.040,     1.08890,    -1.15517,    20.70909
   00:008.060,     0.80085,    -1.17193,    21.18204
   00:008.080,     0.61219,    -1.19588,    21.48074
   00:008.100,     0.48848,    -1.21419,    21.63632
   00:008.120,     0.40929,    -1.22647,    21.72966
   00:008.140,     0.35648,    -1.23706,    21.80434
   00:008.160,     0.31695,    -1.22809,    21.84168
   00:008.180,     0.28993,    -1.19732,    21.87901
   00:008.200,     0.27281,    -1.17321,    21.89146
   00:008.220,     0.25824,    -1.17150,    21.89146
   00:008.240,     0.24718,    -1.17530,    21.90391
   00:008.260,     0.24067,    -1.15947,    21.90391
   00:008.280,     0.23481,    -1.11884,    21.93502
   00:008.300,     0.22721,    -1.06485,    21.91635
   00:008.320,     0.22238,    -1.01327,    21.90391
   00:008.340,     0.21859,    -0.97155,    21.89768
   00:008.360,     0.21467,    -0.93571,    21.91013
   00:008.380,     0.21193,    -0.90547,    21.90391
   00:008.400,     0.20977,    -0.87794,    21.89146
   00:008.420,     0.20662,    -0.85039,    21.90391
   00:008.440,     0.20454,    -0.81757,    21.90391
   00:008.460,     0.20211,    -0.76560,    21.87901
   00:008.480,     0.20156,    -0.69765,    21.90391
   00:008.500,     0.20091,    -0.63224,    21.87901
   00:008.520,     0.19922,    -0.57460,    21.87901
   00:008.540,     0.19783,    -0.51074,    21.89146
   00:008.560,     0.19728,    -0.42761,    21.89146
   00:008.580,     0.19835,    -0.31118,    21.87901
   00:008.600,     0.19566,    -0.16286,    21.86657
   00:008.620,     0.19247,     0.00000,    21.87901
   00:008.640,     0.19208,     0.17946,    21.87901
   00:008.660,     0.19120,     0.25170,    21.85412
   00:008.680,     0.19030,     0.34496,    21.85412
   00:008.700,     0.18946,     0.42987,    21.85412
   00:008.720,     0.18808,     0.50953,    21.86035
   00:008.740,     0.18754,     0.57142,    21.87901
   00:008.760,     0.18894,     0.62194,    21.86035
   00:008.780,     0.18842,     0.67275,    21.84168
   00:008.800,     0.18684,     0.73164,    21.85412
   00:008.820,     0.18652,     0.81069,    21.87901
   00:008.840,     0.18497,     0.86851,    21.86035
   00:008.860,     0.18409,     0.87794,    21.85412
   00:008.880,     0.18459,     0.87083,    21.87279
   00:008.900,     0.18428,     0.87850,    21.85412
   00:008.920,     0.18358,     0.89119,    21.86657
   00:008.940,     0.18304,     0.90009,    21.86657
   00:008.960,     0.18454,     0.91108,    21.85412
   00:008.980,     0.18481,     0.93015,    21.86035
   00:009.000,     0.18190,     0.96312,    21.85412
   00:009.020,     0.18097,     0.99914,    21.86035
   00:009.040,     0.18167,     1.00339,    21.86657
   00:009.060,     0.18283,     0.98675,    21.86035
   00:009.080,     0.18271,     0.98376,    21.86657
   00:009.100,     0.18214,     0.99310,    21.87901
   00:009.120,     0.18111,     1.00649,    21.87901
   00:009.140,     0.18201,     1.01194,    21.87901
   00:009.160,     0.18227,     1.00543,    21.86035
   00:009.180,     0.18092,     0.99166,    21.86657
   00:009.200,     0.18312,     0.96826,    21.86657
   00:009.220,     0.18866,     0.93827,    21.85412
   00:009.240,     0.19697,     0.90737,    21.87901
   00:009.260,     0.20376,     0.87788,    21.87901
   00:009.280,     0.21821,     0.84855,    21.84790
   00:009.300,     0.26847,     0.81718,    21.82923
   00:009.320,     0.39373,     0.78568,    21.74211
   00:009.340,     0.61680,     0.75823,    21.55542
   00:009.360,     0.92730,     0.73236,    21.23805
   00:009.380,     1.28804,     0.70548,    20.83355
   00:009.400,     1.65494,     0.68119,    20.36061
   00:009.420,     2.00342,     0.65377,    19.91255
   00:009.440,     2.32248,     0.62976,    19.50184
   00:009.460,     2.60712,     0.61112,    19.15335
   00:009.480,     2.85106,     0.59492,    18.86087
   00:009.500,     3.05386,     0.58333,    18.59950
   00:009.520,     3.22279,     0.57157,    18.41904
   00:009.540,     3.35922,     0.55554,    18.26968
   00:009.560,     3.45888,     0.53622,    18.15145
   00:009.580,     3.52968,     0.52474,    18.09544
   00:009.600,     3.58670,     0.52652,    18.03321
   00:009.620,     3.63677,     0.52969,    17.99587
   00:009.640,     3.67935,     0.52042,    17.98343
   00:009.660,     3.71700,     0.50600,    17.94609
   00:009.680,     3.74952,     0.49323,    17.93364
   00:009.700,     3.77585,     0.47671,    17.92120
   00:009.720,     3.79785,     0.46614,    17.93364
   00:009.740,     3.81827,     0.45851,    17.92120
   00:009.760,     3.83909,     0.44340,    17.90253
   00:009.780,     3.85271,     0.43017,    17.89631
   00:009.800,     3.86733,     0.42152,    17.90875
   00:009.820,     3.88449,     0.41391,    17.89631
   00:009.840,     3.90040,     0.40900,    17.90253
   00:009.860,     3.91973,     0.40417,    17.89631
   00:009.880,     3.93973,     0.40197,    17.89631
   00:009.900,     3.95790,     0.39811,    17.87141
   00:009.920,     3.97470,     0.38825,    17.87141
   00:009.940,     3.98760,     0.37847,    17.84652
   00:009.960,     3.99912,     0.36927,    17.84652
   00:009.980,     4.01137,     0.35811,    17.83408
   00:010.000,     4.02588,     0.34846,    17.80296
   00:010.020,     4.03948,     0.34713,    17.79674
   00:010.040,     4.05169,     0.34561,    17.81541
   00:010.060,     4.06398,     0.33657,    17.78429
   00:010.080,     4.07923,     0.32868,    17.75940
   00:010.100,     4.09463,     0.32635,    17.74695
   00:010.120,     4.10550,     0.31858,    17.74695
   00:010.140,     4.11761,     0.31179,    17.73451
   00:010.160,     4.12795,     0.30865,    17.72206
   00:010.180,     4.14039,     0.29193,    17.67228
   00:010.200,     4.15450,     0.27929,    17.68472
   00:010.220,     4.16648,     0.28832,    17.67228
   00:010.240,     4.17589,     0.30088,    17.64739
   00:010.260,     4.18391,     0.30321,    17.64739
   00:010.280,     4.19363,     0.29752,    17.62249
   00:010.300,     4.20331,     0.28923,    17.60383
   00:010.320,     4.21249,     0.28189,    17.60383
   00:010.340,     4.22121,     0.27715,    17.59760
   00:010.360,     4.22908,     0.27068,    17.56649
   00:010.380,     4.23663,     0.26569,    17.56026
   00:010.400,     4.24253,     0.25895,    17.56026
   00:010.420,     4.24714,     0.25233,    17.54782
   00:010.440,     4.25523,     0.24598,    17.54782
   00:010.460,     4.26734,     0.23940,    17.54782
   00:010.480,     4.27777,     0.24028,    17.52293
   00:010.500,     4.28888,     0.23865,    17.51048
   00:010.520,     4.29915,     0.22573,    17.49803
   00:010.540,     4.30520,     0.20576,    17.46070
   00:010.560,     4.31727,     0.18406,    17.47314
   00:010.580,     4.32783,     0.15645,    17.46070
   00:010.600,     4.33816,     0.11169,    17.42336
   00:010.620,     4.35267,     0.00000,    17.41714
   00:010.640,     4.36594,     0.00000,    17.40469
   00:010.660,     4.37490,    -0.16472,    17.38602
   00:010.680,     4.37908,    -0.22286,    17.36113
   00:010.700,     4.38622,    -0.29479,    17.36113
   00:010.720,     4.39741,    -0.36783,    17.34868
   00:010.740,     4.40671,    -0.43021,    17.33624
   00:010.760,     4.41332,    -0.49170,    17.32379
   00:010.780,     4.42167,    -0.55672,    17.32379
   00:010.800,     4.43401,    -0.61498,    17.29890
   00:010.820,     4.44521,    -0.65662,    17.28023
   00:010.840,     4.45354,    -0.69454,    17.25534
   00:010.860,     4.46041,    -0.73900,    17.24912
   00:010.880,     4.47020,    -0.77556,    17.23667
   00:010.900,     4.48018,    -0.79550,    17.21178
   00:010.920,     4.48973,    -0.81397,    17.20555
   00:010.940,     4.50118,    -0.83558,    17.17444
   00:010.960,     4.51224,    -0.85813,    17.17444
   00:010.980,     4.52008,    -0.89023,    17.13710
   00:011.000,     4.53073,    -0.93117,    17.12466
   00:011.020,     4.54290,    -0.96298,    17.11843
   00:011.040,     4.54880,    -0.97956,    17.09976
   00:011.060,     4.54715,    -1.00064,    17.09976
   00:011.080,     4.54566,    -1.03088,    17.07487
   00:011.100,     4.54205,    -1.05009,    17.07487
   00:011.120,     4.52363,    -1.05246,    17.09976
   00:011.140,     4.48464,    -1.04853,    17.13088
   00:011.160,     4.41844,    -1.05359,    17.18066
   00:011.180,     4.22026,    -1.06919,    17.28645
   00:011.200,     3.71238,    -1.09417,    17.61005
   00:011.220,     2.91392,    -1.12579,    18.30080
   00:011.240,     2.09314,    -1.15464,    19.24047
   00:011.260,     1.46322,    -1.17563,    20.13658
   00:011.280,     1.04222,    -1.19002,    20.81488
   00:011.300,     0.76875,    -1.19759,    21.24427
   00:011.320,     0.59164,    -1.19621,    21.49319
   00:011.340,     0.47743,    -1.18290,    21.64254
   00:011.360,     0.40078,    -1.16046,    21.74211
   00:011.380,     0.34838,    -1.14175,    21.80434
   00:011.400,     0.31235,    -1.13007,    21.83545
   00:011.420,     0.28965,    -1.12577,    21.86035
   00:011.440,     0.27266,    -1.12576,    21.88524
   00:011.460,     0.25758,    -1.11765,    21.87901
   00:011.480,     0.24783,    -1.09592,    21.90391
   00:011.500,     0.23993,    -1.07098,    21.91013
   00:011.520,     0.23294,    -1.04663,    21.89146
   00:011.540,     0.22795,    -1.01578,    21.87901
   00:011.560,     0.22477,    -0.98910,    21.89768
   00:011.580,     0.22112,    -0.97584,    21.88524
   00:011.600,     0.21687,    -0.96571,    21.89146
   00:011.620,     0.21386,    -0.95280,    21.87901
   00:011.640,     0.21174,    -0.92532,    21.86657
   00:011.660,     0.20949,    -0.87010,    21.87901
   00:011.680,     0.20663,    -0.80451,    21.87901
   00:011.700,     0.20579,    -0.76206,    21.88524
   00:011.720,     0.20385,    -0.73748,    21.87901
   00:011.740,     0.20223,    -0.71162,    21.86035
   00:011.760,     0.20165,    -0.68126,    21.86657
   00:011.780,     0.19987,    -0.63469,    21.84790
   00:011.800,     0.19828,    -0.58086,    21.85412
   00:011.820,     0.19802,    -0.54643,    21.84168
   00:011.840,     0.19804,    -0.53147,    21.84168
   00:011.860,     0.19646,    -0.51613,    21.86035
   00:011.880,     0.19373,    -0.48490,    21.83545
   00:011.900,     0.19444,    -0.43813,    21.85412
   00:011.920,     0.19313,    -0.39784,    21.85412
   00:011.940,     0.19082,    -0.37278,    21.86657
   00:011.960,     0.19033,    -0.34618,    21.84168
   00:011.980,     0.19061,    -0.31417,    21.85412
   00:012.000,     0.18907,    -0.27160,    21.85412
   00:012.020,     0.18827,    -0.20714,    21.85412
   00:012.040,     0.18793,    -0.12903,    21.85412
   00:012.060,     0.18607,     0.00000,    21.83545
   00:012.080,     0.18602,     0.00000,    21.85412
   00:012.100,     0.18721,     0.00000,    21.85412
   00:012.120,     0.18622,     0.18269,    21.84168
   00:012.140,     0.18454,     0.22337,    21.83545
   00:012.160,     0.18366,     0.25054,    21.84168
   00:012.180,     0.18407,     0.27059,    21.84168
   00:012.200,     0.18379,     0.28780,    21.85412
   00:012.220,     0.18330,     0.29469,    21.86035
   00:012.240,     0.18390,     0.30008,    21.84168
   00:012.260,     0.18312,     0.33434,    21.84168
   00:012.280,     0.18233,     0.40669,    21.84790
   00:012.300,     0.18262,     0.49333,    21.86035
   00:012.320,     0.18191,     0.56165,    21.86035
   00:012.340,     0.18039,     0.60777,    21.85412
   00:012.360,     0.18154,     0.64732,    21.84790
   00:012.380,     0.18226,     0.69575,    21.84168
   00:012.400,     0.18066,     0.75473,    21.86035
   00:012.420,     0.17939,     0.82652,    21.86035
   00:012.440,     0.18161,     0.88986,    21.82923
   00:012.460,     0.18178,     0.94176,    21.86657
   00:012.480,     0.18056,     0.97750,    21.87901
   00:012.500,     0.17881,     0.99329,    21.84168
   00:012.520,     0.17860,     0.99969,    21.85412
   00:012.540,     0.17975,     1.01577,    21.87901
   00:012.560,     0.18125,     1.03792,    21.85412
   00:012.580,     0.18159,     1.06312,    21.85412
   00:012.600,     0.18116,     1.09078,    21.85412
   00:012.620,     0.18105,     1.10580,    21.85412
   00:012.640,     0.17992,     1.10977,    21.87901
   00:012.660,     0.17872,     1.10087,    21.85412
   00:012.680,     0.17834,     1.08630,    21.85412
   00:012.700,     0.17828,     1.08106,    21.86657
   00:012.720,     0.17877,     1.06834,    21.88524
   00:012.740,     0.18169,     1.03242,    21.87901
   00:012.760,     0.18623,     0.99756,    21.84790
   00:012.780,     0.19365,     0.97875,    21.85412
   00:012.800,     0.20169,     0.96325,    21.84168
   00:012.820,     0.20859,     0.93703,    21.85412
   00:012.840,     0.22411,     0.90906,    21.84168
   00:012.860,     0.27361,     0.88707,    21.83545
   00:012.880,     0.38891,     0.86295,    21.76078
   00:012.900,     0.59350,     0.82364,    21.58031
   00:012.920,     0.89420,     0.77924,    21.30650
   00:012.940,     1.27226,     0.75149,    20.89578
   00:012.960,     1.69293,     0.73325,    20.42284
   00:012.980,     2.10796,     0.71446,    19.89388
   00:013.000,     2.48092,     0.69128,    19.40227
   00:013.020,     2.79963,     0.66901,    18.99155
   00:013.040,     3.05692,     0.64994,    18.66796
   00:013.060,     3.25886,     0.62819,    18.41904
   00:013.080,     3.41918,     0.60738,    18.23235
   00:013.100,     3.55078,     0.59280,    18.10789
   00:013.120,     3.65396,     0.58139,    17.99587
   00:013.140,     3.73171,     0.56769,    17.90875
   00:013.160,     3.78738,     0.55597,    17.87141
   00:013.180,     3.82352,     0.54431,    17.82163
   00:013.200,     3.85192,     0.53169,    17.80918
   00:013.220,     3.87412,     0.52005,    17.79674
   00:013.240,     3.88942,     0.50902,    17.80918
   00:013.260,     3.90044,     0.49321,    17.82163
   00:013.280,     3.90830,     0.48007,    17.82163
   00:013.300,     3.91395,     0.46977,    17.83408
   00:013.320,     3.92249,     0.46070,    17.86519
   00:013.340,     3.93563,     0.45117,    17.85897
   00:013.360,     3.94958,     0.43860,    17.85897
   00:013.380,     3.96449,     0.42157,    17.87141
   00:013.400,     3.97438,     0.41117,    17.86519
   00:013.420,     3.97534,     0.41350,    17.86519
   00:013.440,     3.97943,     0.42097,    17.87141
   00:013.460,     3.98500,     0.41844,    17.89631
   00:013.480,     3.98197,     0.41144,    17.89631
   00:013.500,     3.98207,     0.40501,    17.90875
   00:013.520,     3.99239,     0.39037,    17.91497
   00:013.540,     4.00310,     0.37563,    17.90875
   00:013.560,     4.01104,     0.37096,    17.90253
   00:013.580,     4.02256,     0.36687,    17.87764
   00:013.600,     4.03618,     0.35858,    17.87764
   00:013.620,     4.05212,     0.34761,    17.85897
   00:013.640,     4.06677,     0.33776,    17.85274
   00:013.660,     4.08334,     0.33622,    17.82163
   00:013.680,     4.09856,     0.33332,    17.80296
   00:013.700,     4.11129,     0.32907,    17.79674
   00:013.720,     4.12402,     0.32504,    17.78429
   00:013.740,     4.13807,     0.32332,    17.75318
   00:013.760,     4.15285,     0.32083,    17.74695
   00:013.780,     4.16515,     0.31238,    17.72206
   00:013.800,     4.17689,     0.30118,    17.72206
   00:013.820,     4.18889,     0.29394,    17.69717
   00:013.840,     4.20571,     0.28962,    17.67228
   00:013.860,     4.21967,     0.28692,    17.67228
   00:013.880,     4.22950,     0.28613,    17.65983
   00:013.900,     4.23931,     0.28290,    17.62249
   00:013.920,     4.25223,     0.27941,    17.60383
   00:013.940,     4.26177,     0.27531,    17.60383
   00:013.960,     4.26979,     0.26878,    17.57271
   00:013.980,     4.27630,     0.26245,    17.57271
   00:014.000,     4.28198,     0.25438,    17.56649
   00:014.020,     4.29657,     0.24332,    17.55404
   00:014.040,     4.31045,     0.23963,    17.52293
   00:014.060,     4.32025,     0.24777,    17.52293
   00:014.080,     4.32823,     0.25886,    17.49803
   00:014.100,     4.33716,     0.26038,    17.48559
   00:014.120,     4.34576,     0.25631,    17.47314
   00:014.140,     4.35506,     0.24881,    17.47314
   00:014.160,     4.35995,     0.23833,    17.44825
   00:014.180,     4.36336,     0.23111,    17.43580
   00:014.200,     4.37045,     0.22879,    17.44825
   00:014.220,     4.37606,     0.22207,    17.42336
   00:014.240,     4.38317,     0.20819,    17.41714
   00:014.260,     4.38935,     0.18221,    17.42336
   00:014.280,     4.39469,     0.15314,    17.40469
   00:014.300,     4.40269,     0.12937,    17.37980
   00:014.320,     4.40735,     0.09158,    17.37357
   00:014.340,     4.41143,     0.00000,    17.36113
   00:014.360,     4.41685,     0.00000,    17.36113
   00:014.380,     4.42318,     0.00000,    17.34868
   00:014.400,     4.43003,    -0.16289,    17.33624
   00:014.420,     4.43603,    -0.22575,    17.34868
   00:014.440,     4.44481,    -0.29698,    17.32379
   00:014.460,     4.45747,    -0.36887,    17.29890
   00:014.480,     4.46835,    -0.43116,    17.30512
   00:014.500,     4.47693,    -0.48120,    17.27401
   00:014.520,     4.48614,    -0.51647,    17.24912
   00:014.540,     4.49474,    -0.54301,    17.26156
   00:014.560,     4.50290,    -0.56418,    17.22422
   00:014.580,     4.51044,    -0.58301,    17.22422
   00:014.600,     4.51733,    -0.60518,    17.19933
   00:014.620,     4.52240,    -0.62745,    17.18689
   00:014.640,     4.52865,    -0.64761,    17.18066
   00:014.660,     4.53144,    -0.66686,    17.17444
   00:014.680,     4.53206,    -0.68918,    17.16199
   00:014.700,     4.53464,    -0.71372,    17.15577
   00:014.720,     4.53937,    -0.72606,    17.14955
   00:014.740,     4.54625,    -0.71768,    17.16199
   00:014.760,     4.55844,    -0.70769,    17.13088
   00:014.780,     4.57215,    -0.71245,    17.09976
   00:014.800,     4.58612,    -0.72432,    17.08109
   00:014.820,     4.59319,    -0.73820,    17.07487
   00:014.840,     4.58621,    -0.75123,    17.05620
   00:014.860,     4.56631,    -0.75759,    17.06865
   00:014.880,     4.54237,    -0.75979,    17.09976
   00:014.900,     4.48008,    -0.76662,    17.13710
   00:014.920,     4.17103,    -0.76930,    17.28645
   00:014.940,     3.40956,    -0.76405,    17.75318
   00:014.960,     2.45749,    -0.76275,    18.69285
   00:014.980,     1.69237,    -0.76688,    19.72586
   00:015.000,     1.18863,    -0.77367,    20.55352
   00:015.020,     0.86538,    -0.77965,    21.07003
   00:015.040,     0.65339,    -0.78145,    21.38118
   00:015.060,     0.51758,    -0.78259,    21.55542
   00:015.080,     0.42848,    -0.78777,    21.70477
   00:015.100,     0.36819,    -0.80138,    21.76078
   00:015.120,     0.32816,    -0.81351,    21.79189
   00:015.140,     0.30030,    -0.81475,    21.82923
   00:015.160,     0.27844,    -0.81054,    21.85412
   00:015.180,     0.26350,    -0.80724,    21.87901
   00:015.200,     0.25378,    -0.79796,    21.85412
   00:015.220,     0.24523,    -0.77245,    21.88524
   00:015.240,     0.23721,    -0.73942,    21.87901
   00:015.260,     0.23134,    -0.71216,    21.87901
   00:015.280,     0.22732,    -0.69088,    21.87901
   00:015.300,     0.22436,    -0.65861,    21.87901
   00:015.320,     0.22033,    -0.60322,    21.86657
   00:015.340,     0.21647,    -0.53661,    21.87901
   00:015.360,     0.21353,    -0.48426,    21.85412
   00:015.380,     0.21224,    -0.42983,    21.85412
   00:015.400,     0.20967,    -0.37343,    21.86035
   00:015.420,     0.20767,    -0.33670,    21.86035
   00:015.440,     0.20637,    -0.32740,    21.83545
   00:015.460,     0.20458,    -0.32425,    21.86035
   00:015.480,     0.20276,    -0.30412,    21.84168
   00:015.500,     0.20076,    -0.25765,    21.81679
   00:015.520,     0.20037,    -0.19949,    21.82923
   00:015.540,     0.19986,    -0.16742,    21.84790
   00:015.560,     0.19826,    -0.16851,    21.83545
   00:015.580,     0.19644,    -0.15931,    21.83545
   00:015.600,     0.19530,    -0.12187,    21.82923
   00:015.620,     0.19584,     0.00000,    21.82923
   00:015.640,     0.19519,     0.00000,    21.83545
   00:015.660,     0.19197,     0.00000,    21.82923
   00:015.680,     0.19058,     0.00000,    21.81679
   00:015.700,     0.19070,     0.00000,    21.82923
   00:015.720,     0.19074,     0.00000,    21.82923
   00:015.740,     0.19020,     0.00000,    21.82923
   00:015.760,     0.18914,     0.00000,    21.82923
   00:015.780,     0.18806,     0.00000,    21.82923
   00:015.800,     0.18806,     0.00000,    21.81056
   00:015.820,     0.18708,     0.00000,    21.82923
   00:015.840,     0.18607,     0.00000,    21.83545
   00:015.860,     0.18623,     0.00000,    21.82923
   00:015.880,     0.18560,     0.00000,    21.82923
   00:015.900,     0.18496,     0.08329,    21.82923
   00:015.920,     0.18475,     0.00000,    21.82923
   00:015.940,     0.18489,     0.00000,    21.83545
   00:015.960,     0.18486,     0.09391,    21.83545
   00:015.980,     0.18353,     0.10353,    21.81679
   00:016.000,     0.18357,     0.13024,    21.83545
   00:016.020,     0.18291,     0.19022,    21.81679
   00:016.040,     0.18246,     0.25708,    21.81679
   00:016.060,     0.18213,     0.29847,    21.82923
   00:016.080,     0.18212,     0.30842,    21.82923
   00:016.100,     0.18216,     0.30583,    21.82923
   00:016.120,     0.18159,     0.30676,    21.83545
   00:016.140,     0.18196,     0.32366,    21.82923
   00:016.160,     0.18196,     0.36554,    21.82923
   00:016.180,     0.18242,     0.40965,    21.81679
   00:016.200,     0.18195,     0.43399,    21.82923
   00:016.220,     0.18133,     0.44402,    21.82923
   00:016.240,     0.18122,     0.45098,    21.83545
   00:016.260,     0.18092,     0.45834,    21.82923
   00:016.280,     0.18127,     0.47749,    21.82923
   00:016.300,     0.18153,     0.50345,    21.84168
   00:016.320,     0.18246,     0.52014,    21.82923
   00:016.340,     0.18203,     0.52397,    21.81679
   00:016.360,     0.18161,     0.52418,    21.84168
   00:016.380,     0.18134,     0.53221,    21.84168
   00:016.400,     0.18108,     0.53802,    21.82923
   00:016.420,     0.18175,     0.54209,    21.82923
   00:016.440,     0.18130,     0.55995,    21.82923
   00:016.460,     0.18144,     0.58925,    21.84168
   00:016.480,     0.18130,     0.62071,    21.83545
   00:016.500,     0.18118,     0.64592,    21.82923
   00:016.520,     0.17938,     0.66297,    21.82923
   00:016.540,     0.17869,     0.66868,    21.82923
   00:016.560,     0.18075,     0.66775,    21.82923
   00:016.580,     0.18747,     0.66851,    21.84168
   00:016.600,     0.19928,     0.66464,    21.85412
   00:016.620,     0.21502,     0.65543,    21.81679
   00:016.640,     0.22761,     0.65447,    21.80434
   00:016.660,     0.23726,     0.66797,    21.79189
   00:016.680,     0.25050,     0.67025,    21.78567
   00:016.700,     0.26811,     0.64648,    21.77945
   00:016.720,     0.30534,     0.61918,    21.75456
   00:016.740,     0.38063,     0.60155,    21.70477
   00:016.760,     0.51310,     0.58495,    21.59276
   00:016.780,     0.71546,     0.56979,    21.43096
   00:016.800,     0.97882,     0.55581,    21.14470
   00:016.820,     1.27805,     0.53580,    20.80866
   00:016.840,     1.59743,     0.51148,    20.43528
   00:016.860,     1.93482,     0.49490,    20.03701
   00:016.880,     2.27731,     0.48569,    19.63252
   00:016.900,     2.60062,     0.47521,    19.24047
   00:016.920,     2.88524,     0.46427,    18.89198
   00:016.940,     3.12812,     0.45985,    18.60573
   00:016.960,     3.33278,     0.45313,    18.35681
   00:016.980,     3.49920,     0.44045,    18.15145
   00:017.000,     3.63435,     0.43217,    18.00210
   00:017.020,     3.74371,     0.42434,    17.91497
   00:017.040,     3.83229,     0.40843,    17.80918
   00:017.060,     3.90563,     0.39198,    17.74695
   00:017.080,     3.96975,     0.38168,    17.67228
   00:017.100,     4.02956,     0.37611,    17.60383
   00:017.120,     4.08492,     0.37155,    17.57271
   00:017.140,     4.12762,     0.35958,    17.53537
   00:017.160,     4.15911,     0.35002,    17.49803
   00:017.180,     4.18143,     0.34585,    17.49803
   00:017.200,     4.20325,     0.34339,    17.47937
   00:017.220,     4.22143,     0.33481,    17.47314
   00:017.240,     4.23398,     0.31642,    17.46070
   00:017.260,     4.24805,     0.30594,    17.49803
   00:017.280,     4.25997,     0.31397,    17.49803
   00:017.300,     4.26690,     0.32720,    17.49803
   00:017.320,     4.27501,     0.33045,    17.46692
   00:017.340,     4.28213,     0.32300,    17.47314
   00:017.360,     4.28976,     0.31412,    17.51048
   00:017.380,     4.29955,     0.30555,    17.49803
   00:017.400,     4.30895,     0.29618,    17.49803
   00:017.420,     4.31462,     0.28913,    17.48559
   00:017.440,     4.32029,     0.28488,    17.49803
   00:017.460,     4.32657,     0.28059,    17.49803
   00:017.480,     4.33349,     0.27285,    17.48559
   00:017.500,     4.34049,     0.26179,    17.49803
   00:017.520,     4.34670,     0.25459,    17.47314
   00:017.540,     4.35352,     0.25617,    17.47314
   00:017.560,     4.36324,     0.25876,    17.47314
   00:017.580,     4.37617,     0.25953,    17.47314
   00:017.600,     4.38799,     0.25840,    17.43580
   00:017.620,     4.40013,     0.25273,    17.42336
   00:017.640,     4.40844,     0.24555,    17.44825
   00:017.660,     4.41681,     0.24097,    17.42336
   00:017.680,     4.42483,     0.23522,    17.39847
   00:017.700,     4.43323,     0.23013,    17.39847
   00:017.720,     4.43885,     0.22707,    17.36735
   00:017.740,     4.44460,     0.22257,    17.36735
   00:017.760,     4.45302,     0.21773,    17.34868
   00:017.780,     4.46123,     0.21534,    17.34868
   00:017.800,     4.46854,     0.21478,    17.33624
   00:017.820,     4.47786,     0.20927,    17.31134
   00:017.840,     4.49121,     0.20415,    17.29890
   00:017.860,     4.50468,     0.20144,    17.27401
   00:017.880,     4.51651,     0.18975,    17.26156
   00:017.900,     4.52921,     0.18190,    17.24912
   00:017.920,     4.54020,     0.18509,    17.22422
   00:017.940,     4.55014,     0.19535,    17.18689
   00:017.960,     4.55736,     0.19628,    17.17444
   00:017.980,     4.56498,     0.17669,    17.18066
   00:018.000,     4.57755,     0.14438,    17.16822
   00:018.020,     4.59089,     0.10382,    17.14955
   00:018.040,     4.59757,     0.00000,    17.12466
   00:018.060,     4.60451,     0.00000,    17.12466
   00:018.080,     4.61471,     0.00000,    17.11221
   00:018.100,     4.62363,    -0.17433,    17.09976
   00:018.120,     4.63254,    -0.24414,    17.08109
   00:018.140,     4.64020,    -0.32806,    17.05620
   00:018.160,     4.65061,    -0.40126,    17.04998
   00:018.180,     4.65697,    -0.45758,    17.03131
   00:018.200,     4.65814,    -0.49747,    17.04998
   00:018.220,     4.66140,    -0.52636,    17.01264
   00:018.240,     4.66819,    -0.54838,    17.00020
   00:018.260,     4.67399,    -0.56417,    17.00020
   00:018.280,     4.67978,    -0.57776,    17.00020
   00:018.300,     4.68540,    -0.59465,    16.97530
   00:018.320,     4.69008,    -0.61566,    16.98775
   00:018.340,     4.69650,    -0.63389,    16.97530
   00:018.360,     4.70122,    -0.64381,    16.95041
   00:018.380,     4.70380,    -0.64984,    16.93174
   00:018.400,     4.70939,    -0.65836,    16.95041
   00:018.420,     4.71378,    -0.66944,    16.93174
   00:018.440,     4.71311,    -0.68149,    16.91307
   00:018.460,     4.71482,    -0.69669,    16.90063
   00:018.480,     4.71581,    -0.71746,    16.91930
   00:018.500,     4.71780,    -0.73828,    16.90685
   00:018.520,     4.71625,    -0.75515,    16.90063
   00:018.540,     4.68273,    -0.76819,    16.90685
   00:018.560,     4.60597,    -0.77791,    16.95041
   00:018.580,     4.50281,    -0.78236,    17.04998
   00:018.600,     4.33218,    -0.77647,    17.17444
   00:018.620,     3.93317,    -0.77047,    17.44825
   00:018.640,     3.18610,    -0.77618,    18.00210
   00:018.660,     2.30852,    -0.80015,    18.91065
   00:018.680,     1.60209,    -0.84278,    19.86277
   00:018.700,     1.13247,    -0.88472,    20.61575
   00:018.720,     0.82944,    -0.89767,    21.11359
   00:018.740,     0.63256,    -0.88604,    21.41229
   00:018.760,     0.50275,    -0.87461,    21.58031
   00:018.780,     0.41758,    -0.86632,    21.70477
   00:018.800,     0.36200,    -0.85539,    21.75456
   00:018.820,     0.32448,    -0.84930,    21.78567
   00:018.840,     0.29777,    -0.84649,    21.82923
   00:018.860,     0.27836,    -0.84026,    21.83545
   00:018.880,     0.26601,    -0.83071,    21.85412
   00:018.900,     0.25753,    -0.82897,    21.84168
   00:018.920,     0.24927,    -0.83837,    21.84168
   00:018.940,     0.24037,    -0.84161,    21.85412
   00:018.960,     0.23368,    -0.83605,    21.86657
   00:018.980,     0.22901,    -0.84216,    21.85412
   00:019.000,     0.22473,    -0.85658,    21.85412
   00:019.020,     0.22097,    -0.85770,    21.86657
   00:019.040,     0.21722,    -0.84528,    21.85412
   00:019.060,     0.21426,    -0.82719,    21.82923
   00:019.080,     0.21301,    -0.80240,    21.82923
   00:019.100,     0.21047,    -0.77654,    21.85412
   00:019.120,     0.20737,    -0.76076,    21.82923
   00:019.140,     0.20600,    -0.75011,    21.82923
   00:019.160,     0.20507,    -0.73372,    21.82923
   00:019.180,     0.20323,    -0.70627,    21.81679
   00:019.200,     0.20191,    -0.67081,    21.83545
   00:019.220,     0.20062,    -0.63807,    21.81056
   00:019.240,     0.19953,    -0.60747,    21.81679
   00:019.260,     0.19956,    -0.58601,    21.81679
   00:019.280,     0.19764,    -0.57858,    21.81679
   00:019.300,     0.19554,    -0.57010,    21.81679
   00:019.320,     0.19495,    -0.55465,    21.82923
   00:019.340,     0.19357,    -0.52584,    21.80434
   00:019.360,     0.19227,    -0.47178,    21.80434
   00:019.380,     0.19233,    -0.38976,    21.81056
   00:019.400,     0.19327,    -0.31656,    21.80434
   00:019.420,     0.19270,    -0.26241,    21.80434
   00:019.440,     0.19065,    -0.19240,    21.80434
   00:019.460,     0.18936,    -0.07947,    21.81056
   00:019.480,     0.18935,     0.00000,    21.80434
   00:019.500,     0.18863,     0.00000,    21.81679
   00:019.520,     0.18872,     0.14328,    21.81056
   00:019.540,     0.18997,     0.18144,    21.81056
   00:019.560,     0.18918,     0.21347,    21.80434
   00:019.580,     0.18687,     0.23218,    21.81056
   00:019.600,     0.18531,     0.24618,    21.81679
   00:019.620,     0.18617,     0.26884,    21.80434
   00:019.640,     0.18665,     0.29958,    21.81679
   00:019.660,     0.18551,     0.33525,    21.80434
   00:019.680,     0.18475,     0.37370,    21.81679
   00:019.700,     0.18446,     0.40224,    21.81679
   00:019.720,     0.18465,     0.43329,    21.79189
   00:019.740,     0.18412,     0.47745,    21.81056
   00:019.760,     0.18325,     0.51513,    21.81056
   00:019.780,     0.18260,     0.54726,    21.81679
   00:019.800,     0.18286,     0.58838,    21.82923
   00:019.820,     0.18309,     0.62693,    21.82923
   00:019.840,     0.18266,     0.64463,    21.77945
   00:019.860,     0.18177,     0.65540,    21.82923
   00:019.880,     0.18087,     0.67972,    21.80434
   00:019.900,     0.18052,     0.71149,    21.80434
   00:019.920,     0.18085,     0.73042,    21.81679
   00:019.940,     0.18228,     0.72665,    21.80434
   00:019.960,     0.18335,     0.72137,    21.80434
   00:019.980,     0.18332,     0.72674,    21.81679
   00:020.000,     0.18478,     0.73774,    21.80434
   00:020.020,     0.18708,     0.75614,    21.80434
   00:020.040,     0.18553,     0.76416,    21.82923
   00:020.060,     0.18347,     0.75926,    21.80434
   00:020.080,     0.18232,     0.76904,    21.82923
   00:020.100,     0.18125,     0.78403,    21.80434
   00:020.120,     0.18017,     0.78391,    21.81679
   00:020.140,     0.18183,     0.78026,    21.82923
   00:020.160,     0.18618,     0.77507,    21.81056
   00:020.180,     0.19161,     0.76071,    21.80434
   00:020.200,     0.19714,     0.74152,    21.80434
   00:020.220,     0.20455,     0.72061,    21.79189
   00:020.240,     0.21454,     0.70257,    21.79189
   00:020.260,     0.23398,     0.68896,    21.78567
   00:020.280,     0.28607,     0.68474,    21.77945
   00:020.300,     0.40188,     0.67989,    21.68610
   00:020.320,     0.59228,     0.66202,    21.49319
   00:020.340,     0.85067,     0.64175,    21.25672
   00:020.360,     1.16822,     0.62315,    20.90201
   00:020.380,     1.52343,     0.60220,    20.48507
   00:020.400,     1.88332,     0.57493,    20.04946
   00:020.420,     2.21997,     0.55260,    19.60763
   00:020.440,     2.52092,     0.53558,    19.21558
   00:020.460,     2.78755,     0.51157,    18.90443
   00:020.480,     3.01449,     0.50029,    18.62439
   00:020.500,     3.20740,     0.50334,    18.40659
   00:020.520,     3.36356,     0.50186,    18.23235
   00:020.540,     3.48884,     0.49405,    18.10166
   00:020.560,     3.58863,     0.48307,    17.99587
   00:020.580,     3.66558,     0.46693,    17.90253
   00:020.600,     3.73494,     0.45315,    17.84652
   00:020.620,     3.79905,     0.44193,    17.79674
   00:020.640,     3.85150,     0.43031,    17.75940
   00:020.660,     3.89067,     0.41489,    17.70962
   00:020.680,     3.92669,     0.40140,    17.68472
   00:020.700,     3.96088,     0.39556,    17.67228
   00:020.720,     3.99426,     0.39430,    17.65983
   00:020.740,     4.02201,     0.39524,    17.61627
   00:020.760,     4.04576,     0.38849,    17.62249
   00:020.780,     4.07064,     0.37688,    17.61005
   00:020.800,     4.09303,     0.36834,    17.59760
   00:020.820,     4.10573,     0.36308,    17.57271
   00:020.840,     4.11934,     0.35844,    17.60383
   00:020.860,     4.13254,     0.35357,    17.57271
   00:020.880,     4.14351,     0.34677,    17.58516
   00:020.900,     4.15352,     0.33421,    17.57271
   00:020.920,     4.16200,     0.32482,    17.57893
   00:020.940,     4.17467,     0.32022,    17.57271
   00:020.960,     4.18545,     0.31833,    17.57271
   00:020.980,     4.19191,     0.31512,    17.55404
   00:021.000,     4.20187,     0.31003,    17.55404
   00:021.020,     4.21445,     0.30412,    17.55404
   00:021.040,     4.22329,     0.29710,    17.56026
   00:021.060,     4.23103,     0.28986,    17.54782
   00:021.080,     4.24033,     0.27879,    17.53537
   00:021.100,     4.24865,     0.26644,    17.53537
   00:021.120,     4.25542,     0.26813,    17.52293
   00:021.140,     4.26605,     0.28162,    17.52293
   00:021.160,     4.27740,     0.29052,    17.50426
   00:021.180,     4.28734,     0.28424,    17.49803
   00:021.200,     4.29969,     0.27636,    17.47937
   00:021.220,     4.30855,     0.27180,    17.47314
   00:021.240,     4.31788,     0.26790,    17.46070
   00:021.260,     4.32507,     0.25886,    17.44825
   00:021.280,     4.32887,     0.24911,    17.43580
   00:021.300,     4.33458,     0.24767,    17.44825
   00:021.320,     4.34217,     0.24513,    17.42336
   00:021.340,     4.35022,     0.23702,    17.42336
   00:021.360,     4.35939,     0.23127,    17.41091
   00:021.380,     4.36777,     0.23546,    17.41091
   00:021.400,     4.37307,     0.24116,    17.39847
   00:021.420,     4.37986,     0.24068,    17.39847
   00:021.440,     4.38911,     0.23720,    17.37357
   00:021.460,     4.39790,     0.23168,    17.36113
   00:021.480,     4.40542,     0.22531,    17.33001
   00:021.500,     4.41549,     0.21954,    17.32379
   00:021.520,     4.42483,     0.21149,    17.32379
   00:021.540,     4.43012,     0.20310,    17.31134
   00:021.560,     4.43808,     0.20215,    17.29890
   00:021.580,     4.44728,     0.20579,    17.27401
   00:021.600,     4.45747,     0.20747,    17.25534
   00:021.620,     4.46694,     0.20868,    17.25534
   00:021.640,     4.47629,     0.21354,    17.23045
   00:021.660,     4.48475,     0.21253,    17.22422
   00:021.680,     4.49097,     0.20599,    17.21178
   00:021.700,     4.49580,     0.20116,    17.18066
   00:021.720,     4.50507,     0.19775,    17.18066
   00:021.740,     4.52019,     0.18952,    17.16199
   00:021.760,     4.53035,     0.18536,    17.14955
   00:021.780,     4.53642,     0.19707,    17.13088
   00:021.800,     4.54047,     0.20825,    17.10599
   00:021.820,     4.54456,     0.20932,    17.10599
   00:021.840,     4.55145,     0.20133,    17.09976
   00:021.860,     4.55581,     0.18805,    17.09976
   00:021.880,     4.55898,     0.16841,    17.08109
   00:021.900,     4.56477,     0.15101,    17.06243
   00:021.920,     4.57338,     0.13899,    17.06243
   00:021.940,     4.58315,     0.12300,    17.05620
   00:021.960,     4.59054,     0.11656,    17.02509
   00:021.980,     4.59584,     0.11529,    17.02509
   00:022.000,     4.60214,     0.11405,    17.00642
   00:022.020,     4.61050,     0.11373,    17.01264
   00:022.040,     4.62180,     0.10721,    17.00020
   00:022.060,     4.63198,     0.08969,    16.95041
   00:022.080,     4.63723,     0.00000,    16.96286
   00:022.100,     4.64388,     0.00000,    16.93797
   00:022.120,     4.65547,     0.00000,    16.92552
   00:022.140,     4.66667,    -0.16143,    16.93797
   00:022.160,     4.67721,    -0.22965,    16.91307
   00:022.180,     4.68991,    -0.31015,    16.88818
   00:022.200,     4.70395,    -0.39615,    16.86329
   00:022.220,     4.71435,    -0.48044,    16.85084
   00:022.240,     4.72234,    -0.56139,    16.82595
   00:022.260,     4.72599,    -0.63337,    16.82595
   00:022.280,     4.72586,    -0.68621,    16.82595
   00:022.300,     4.72847,    -0.72768,    16.82595
   00:022.320,     4.73635,    -0.76950,    16.81351
   00:022.340,     4.74777,    -0.80731,    16.81351
   00:022.360,     4.75841,    -0.83130,    16.78861
   00:022.380,     4.76906,    -0.84823,    16.76372
   00:022.400,     4.77806,    -0.87162,    16.75128
   00:022.420,     4.78712,    -0.90243,    16.72638
   00:022.440,     4.79877,    -0.92074,    16.70149
   00:022.460,     4.80631,    -0.91904,    16.70149
   00:022.480,     4.80736,    -0.91512,    16.70149
   00:022.500,     4.80302,    -0.92104,    16.68905
   00:022.520,     4.80270,    -0.93950,    16.67660
   00:022.540,     4.80693,    -0.96848,    16.67660
   00:022.560,     4.80193,    -0.99611,    16.70149
   00:022.580,     4.76507,    -1.00594,    16.70149
   00:022.600,     4.67805,    -1.00225,    16.73883
   00:022.620,     4.58298,    -1.00597,    16.85084
   00:022.640,     4.51894,    -1.01411,    16.95041
   00:022.660,     4.29655,    -1.01414,    17.04998
   00:022.680,     3.62624,    -1.01142,    17.43580
   00:022.700,     2.67418,    -1.01710,    18.33191
   00:022.720,     1.85682,    -1.03447,    19.39604
   00:022.740,     1.30702,    -1.05625,    20.30460
   00:022.760,     0.95014,    -1.07693,    20.90201
   00:022.780,     0.71150,    -1.09653,    21.26916
   00:022.800,     0.55513,    -1.11246,    21.48074
   00:022.820,     0.45436,    -1.12552,    21.61765
   00:022.840,     0.38929,    -1.14157,    21.70477
   00:022.860,     0.34432,    -1.15674,    21.74833
   00:022.880,     0.31123,    -1.16284,    21.79189
   00:022.900,     0.28824,    -1.15978,    21.82923
   00:022.920,     0.27226,    -1.14968,    21.82923
   00:022.940,     0.25995,    -1.13840,    21.83545
   00:022.960,     0.25132,    -1.13924,    21.84168
   00:022.980,     0.24414,    -1.15126,    21.83545
   00:023.000,     0.23652,    -1.15645,    21.85412
   00:023.020,     0.23238,    -1.13955,    21.85412
   00:023.040,     0.22881,    -1.09806,    21.82923
   00:023.060,     0.22466,    -1.04279,    21.82923
   00:023.080,     0.22086,    -0.98124,    21.82923
   00:023.100,     0.21838,    -0.91777,    21.82923
   00:023.120,     0.21569,    -0.86823,    21.82923
   00:023.140,     0.21361,    -0.82630,    21.82923
   00:023.160,     0.21125,    -0.76052,    21.79812
   00:023.180,     0.20923,    -0.66380,    21.79189
   00:023.200,     0.20803,    -0.53282,    21.81056
   00:023.220,     0.20531,    -0.36023,    21.81056
   00:023.240,     0.20297,    -0.16136,    21.80434
   00:023.260,     0.20256,     0.00000,    21.77945
   00:023.280,     0.20258,     0.16804,    21.79812
   00:023.300,     0.20133,     0.23159,    21.80434
   00:023.320,     0.20046,     0.31293,    21.79189
   00:023.340,     0.19952,     0.38334,    21.78567
   00:023.360,     0.19796,     0.43231,    21.79189
   00:023.380,     0.19880,     0.46375,    21.77945
   00:023.400,     0.19836,     0.48582,    21.77945
   00:023.420,     0.19568,     0.50600,    21.78567
   00:023.440,     0.19332,     0.51678,    21.78567
   00:023.460,     0.19261,     0.52736,    21.77945
   00:023.480,     0.19323,     0.55342,    21.77945
   00:023.500,     0.19273,     0.58913,    21.79189
   00:023.520,     0.19135,     0.62655,    21.78567
   00:023.540,     0.18936,     0.66977,    21.77945
   00:023.560,     0.18803,     0.70622,    21.79189
   00:023.580,     0.18948,     0.73187,    21.77945
   00:023.600,     0.18956,     0.75450,    21.77945
   00:023.620,     0.18804,     0.76389,    21.79189
   00:023.640,     0.18779,     0.75958,    21.81679
   00:023.660,     0.18897,     0.76850,    21.79189
   00:023.680,     0.18896,     0.78770,    21.78567
   00:023.700,     0.18733,     0.79518,    21.79189
   00:023.720,     0.18681,     0.80810,    21.79812
   00:023.740,     0.18706,     0.83534,    21.79189
   00:023.760,     0.18694,     0.85052,    21.77945
   00:023.780,     0.18634,     0.83406,    21.80434
   00:023.800,     0.18536,     0.79686,    21.79189
   00:023.820,     0.18429,     0.76155,    21.79189
   00:023.840,     0.18527,     0.74278,    21.79189
   00:023.860,     0.18830,     0.73518,    21.79189
   00:023.880,     0.19588,     0.73659,    21.79189
   00:023.900,     0.20437,     0.72881,    21.77945
   00:023.920,     0.21003,     0.70861,    21.78567
   00:023.940,     0.21583,     0.70060,    21.77945
   00:023.960,     0.22723,     0.69549,    21.77945
   00:023.980,     0.26465,     0.69413,    21.74211
   00:024.000,     0.36455,     0.70040,    21.67988
   00:024.020,     0.55459,     0.69932,    21.53053
   00:024.040,     0.82705,     0.68021,    21.23182
   00:024.060,     1.15322,     0.64941,    20.85845
   00:024.080,     1.50564,     0.62142,    20.42284
   00:024.100,     1.85086,     0.60122,    19.93744
   00:024.120,     2.16711,     0.59069,    19.50806
   00:024.140,     2.44881,     0.58110,    19.15957
   00:024.160,     2.69001,     0.55913,    18.84220
   00:024.180,     2.89210,     0.53408,    18.59950
   00:024.200,     3.06475,     0.51639,    18.40659
   00:024.220,     3.21310,     0.50663,    18.25102
   00:024.240,     3.33600,     0.49068,    18.14522
   00:024.260,     3.44457,     0.47667,    18.03321
   00:024.280,     3.53937,     0.46232,    17.92120
   00:024.300,     3.60984,     0.44029,    17.85274
   00:024.320,     3.65754,     0.42716,    17.82163
   00:024.340,     3.69588,     0.42887,    17.78429
   00:024.360,     3.72702,     0.43765,    17.75940
   00:024.380,     3.75044,     0.43610,    17.77185
   00:024.400,     3.77116,     0.42378,    17.75940
   00:024.420,     3.79255,     0.41453,    17.77185
   00:024.440,     3.81374,     0.40603,    17.79674
   00:024.460,     3.83381,     0.39580,    17.77185
   00:024.480,     3.85710,     0.38715,    17.77185
   00:024.500,     3.88111,     0.38076,    17.75318
   00:024.520,     3.90429,     0.37117,    17.74695
   00:024.540,     3.92388,     0.35628,    17.74695
   00:024.560,     3.94297,     0.34709,    17.71584
   00:024.580,     3.96307,     0.34941,    17.70962
   00:024.600,     3.98192,     0.34895,    17.70339
   00:024.620,     3.99746,     0.33972,    17.69717
   00:024.640,     4.01052,     0.33424,    17.69717
   00:024.660,     4.02369,     0.32942,    17.68472
   00:024.680,     4.03763,     0.31631,    17.69717
   00:024.700,     4.05179,     0.30592,    17.67228
   00:024.720,     4.06260,     0.30046,    17.65361
   00:024.740,     4.07187,     0.29273,    17.64739
   00:024.760,     4.08133,     0.29060,    17.67228
   00:024.780,     4.09048,     0.29027,    17.64739
   00:024.800,     4.09890,     0.28509,    17.64739
   00:024.820,     4.10826,     0.27751,    17.62872
   00:024.840,     4.11983,     0.27328,    17.62249
   00:024.860,     4.13388,     0.27059,    17.62249
   00:024.880,     4.14402,     0.26594,    17.62249
   00:024.900,     4.15273,     0.26461,    17.59760
   00:024.920,     4.16316,     0.25485,    17.58516
   00:024.940,     4.17614,     0.23595,    17.57893
   00:024.960,     4.18733,     0.23055,    17.56026
   00:024.980,     4.19853,     0.24017,    17.54782
   00:025.000,     4.21180,     0.25103,    17.53537
   00:025.020,     4.22453,     0.25003,    17.51048
   00:025.040,     4.23601,     0.24599,    17.51048
   00:025.060,     4.24590,     0.24085,    17.49803
   00:025.080,     4.25414,     0.23098,    17.47314
   00:025.100,     4.26323,     0.22287,    17.47314
   00:025.120,     4.27309,     0.22379,    17.47314
   00:025.140,     4.27978,     0.22284,    17.44825
   00:025.160,     4.28763,     0.21328,    17.44825
   00:025.180,     4.29620,     0.20636,    17.42336
   00:025.200,     4.30424,     0.20146,    17.41091
   00:025.220,     4.31156,     0.19719,    17.40469
   00:025.240,     4.31901,     0.18204,    17.39847
   00:025.260,     4.32594,     0.15670,    17.39847
   00:025.280,     4.33311,     0.13367,    17.37357
   00:025.300,     4.34414,     0.09727,    17.34868
   00:025.320,     4.35444,     0.00000,    17.34868
   00:025.340,     4.36437,     0.00000,    17.34868
   00:025.360,     4.37651,    -0.13240,    17.31134
   00:025.380,     4.38581,    -0.18955,    17.31757
   00:025.400,     4.39513,    -0.25420,    17.29890
   00:025.420,     4.40738,    -0.31829,    17.26778
   00:025.440,     4.41841,    -0.37865,    17.26156
   00:025.460,     4.42347,    -0.43733,    17.24912
   00:025.480,     4.42892,    -0.48680,    17.23045
   00:025.500,     4.43815,    -0.52129,    17.22422
   00:025.520,     4.44927,    -0.55177,    17.21178
   00:025.540,     4.46208,    -0.58164,    17.19933
   00:025.560,     4.47338,    -0.61250,    17.17444
   00:025.580,     4.48417,    -0.64272,    17.14955
   00:025.600,     4.49276,    -0.67098,    17.15577
   00:025.620,     4.49868,    -0.68878,    17.12466
   00:025.640,     4.50425,    -0.68293,    17.12466
   00:025.660,     4.51108,    -0.67032,    17.10599
   00:025.680,     4.51616,    -0.67109,    17.09976
   00:025.700,     4.52208,    -0.68672,    17.07487
   00:025.720,     4.52903,    -0.71456,    17.07487
   00:025.740,     4.53494,    -0.74321,    17.06243
   00:025.760,     4.53970,    -0.76127,    17.04998
   00:025.780,     4.54599,    -0.77287,    17.01264
   00:025.800,     4.53417,    -0.78816,    17.02509
   00:025.820,     4.47849,    -0.80540,    17.05620
   00:025.840,     4.40733,    -0.81161,    17.11843
   00:025.860,     4.36119,    -0.81264,    17.19933
   00:025.880,     4.26281,    -0.82174,    17.27401
   00:025.900,     3.86803,    -0.83367,    17.47314
   00:025.920,     3.07219,    -0.84742,    18.04566
   00:025.940,     2.18823,    -0.86501,    18.97288
   00:025.960,     1.51524,    -0.88415,    19.94989
   00:025.980,     1.07713,    -0.90864,    20.68420
   00:026.000,     0.79244,    -0.94312,    21.11981
   00:026.020,     0.60619,    -0.97648,    21.39985
   00:026.040,     0.48693,    -1.00277,    21.55542
   00:026.060,     0.40796,    -1.02821,    21.67366
   00:026.080,     0.35457,    -1.04838,    21.72966
   00:026.100,     0.31803,    -1.06323,    21.77945
   00:026.120,     0.29275,    -1.07868,    21.77945
   00:026.140,     0.27363,    -1.09637,    21.80434
   00:026.160,     0.25954,    -1.12092,    21.82923
   00:026.180,     0.25060,    -1.14957,    21.82923
   00:026.200,     0.24335,    -1.16733,    21.82923
   00:026.220,     0.23681,    -1.16037,    21.82923
   00:026.240,     0.23178,    -1.13346,    21.81679
   00:026.260,     0.22799,    -1.09802,    21.82923
   00:026.280,     0.22241,    -1.05961,    21.82923
   00:026.300,     0.21749,    -1.03682,    21.81679
   00:026.320,     0.21539,    -1.03123,    21.80434
   00:026.340,     0.21463,    -1.02068,    21.80434
   00:026.360,     0.21156,    -0.99141,    21.81056
   00:026.380,     0.21001,    -0.94147,    21.79189
   00:026.400,     0.20883,    -0.86211,    21.80434
   00:026.420,     0.20676,    -0.76015,    21.79812
   00:026.440,     0.20347,    -0.65806,    21.80434
   00:026.460,     0.20253,    -0.53632,    21.80434
   00:026.480,     0.20233,    -0.37368,    21.80434
   00:026.500,     0.20101,    -0.16870,    21.77945
   00:026.520,     0.19954,     0.00000,    21.77945
   00:026.540,     0.19938,     0.23936,    21.77945
   00:026.560,     0.19936,     0.33479,    21.78567
   00:026.580,     0.19870,     0.42582,    21.79189
   00:026.600,     0.19684,     0.48893,    21.77945
   00:026.620,     0.19518,     0.52429,    21.77945
   00:026.640,     0.19465,     0.53667,    21.77945
   00:026.660,     0.19380,     0.53785,    21.76700
   00:026.680,     0.19309,     0.54210,    21.77945
   00:026.700,     0.19249,     0.56415,    21.78567
   00:026.720,     0.19142,     0.58749,    21.77945
   00:026.740,     0.19074,     0.59609,    21.77945
   00:026.760,     0.18954,     0.59050,    21.77945
   00:026.780,     0.18961,     0.58075,    21.77945
   00:026.800,     0.19019,     0.58583,    21.79812
   00:026.820,     0.18991,     0.60586,    21.77945
   00:026.840,     0.18772,     0.62735,    21.77945
   00:026.860,     0.18569,     0.64254,    21.77945
   00:026.880,     0.18731,     0.65396,    21.80434
   00:026.900,     0.18807,     0.67650,    21.77945
   00:026.920,     0.18750,     0.69992,    21.77945
   00:026.940,     0.18622,     0.70590,    21.77945
   00:026.960,     0.18640,     0.69628,    21.77945
   00:026.980,     0.18646,     0.68290,    21.79189
   00:027.000,     0.18565,     0.67704,    21.78567
   00:027.020,     0.18620,     0.68242,    21.78567
   00:027.040,     0.18554,     0.69092,    21.77945
   00:027.060,     0.18401,     0.69361,    21.77945
   00:027.080,     0.18424,     0.68332,    21.79189
   00:027.100,     0.18657,     0.67057,    21.78567
   00:027.120,     0.19159,     0.66167,    21.77945
   00:027.140,     0.19768,     0.66390,    21.78567
   00:027.160,     0.20157,     0.67088,    21.76700
   00:027.180,     0.20577,     0.67071,    21.77945
   00:027.200,     0.21643,     0.67415,    21.77945
   00:027.220,     0.24354,     0.68446,    21.77945
   00:027.240,     0.30736,     0.68295,    21.72966
   00:027.260,     0.43214,     0.66688,    21.61143
   00:027.280,     0.62686,     0.66135,    21.44341
   00:027.300,     0.87565,     0.66903,    21.18204
   00:027.320,     1.15821,     0.67820,    20.84600
   00:027.340,     1.45997,     0.67488,    20.48507
   00:027.360,     1.76172,     0.65037,    20.11169
   00:027.380,     2.04574,     0.62223,    19.75075
   00:027.400,     2.30384,     0.60383,    19.42716
   00:027.420,     2.53519,     0.58733,    19.16579
   00:027.440,     2.73573,     0.56554,    18.91687
   00:027.460,     2.90227,     0.53699,    18.71152
   00:027.480,     3.03927,     0.50666,    18.54350
   00:027.500,     3.15614,     0.49823,    18.44393
   00:027.520,     3.25796,     0.50746,    18.33191
   00:027.540,     3.34155,     0.50648,    18.24479
   00:027.560,     3.41229,     0.49015,    18.17012
   00:027.580,     3.47484,     0.47486,    18.11411
   00:027.600,     3.53080,     0.46219,    18.07055
   00:027.620,     3.58037,     0.44543,    18.02077
   00:027.640,     3.62476,     0.43367,    17.97098
   00:027.660,     3.66610,     0.42933,    17.95231
   00:027.680,     3.70753,     0.41647,    17.91497
   00:027.700,     3.75008,     0.40359,    17.86519
   00:027.720,     3.78656,     0.39473,    17.84652
   00:027.740,     3.81460,     0.38656,    17.80296
   00:027.760,     3.84244,     0.37775,    17.79674
   00:027.780,     3.86910,     0.36715,    17.77807
   00:027.800,     3.89059,     0.36222,    17.77185
   00:027.820,     3.91306,     0.36063,    17.74695
   00:027.840,     3.93148,     0.35702,    17.73451
   00:027.860,     3.94690,     0.35041,    17.72206
   00:027.880,     3.96331,     0.34237,    17.73451
   00:027.900,     3.97891,     0.33033,    17.72206
   00:027.920,     3.99533,     0.32149,    17.72828
   00:027.940,     4.01032,     0.32083,    17.70962
   00:027.960,     4.02094,     0.31694,    17.69717
   00:027.980,     4.03418,     0.30740,    17.69717
   00:028.000,     4.04664,     0.29838,    17.69717
   00:028.020,     4.05546,     0.28947,    17.68472
   00:028.040,     4.06544,     0.28328,    17.69717
   00:028.060,     4.07435,     0.28419,    17.69717
   00:028.080,     4.08360,     0.27376,    17.67850
   00:028.100,     4.09382,     0.25744,    17.65983
   00:028.120,     4.10137,     0.25485,    17.64739
   00:028.140,     4.11043,     0.26289,    17.67228
   00:028.160,     4.12270,     0.27038,    17.64739
   00:028.180,     4.13144,     0.26646,    17.62872
   00:028.200,     4.14225,     0.26328,    17.62249
   00:028.220,     4.15406,     0.26023,    17.62872
   00:028.240,     4.16553,     0.24554,    17.60383
   00:028.260,     4.17482,     0.22804,    17.59760
   00:028.280,     4.18403,     0.20435,    17.57893
   00:028.300,     4.19202,     0.16526,    17.59760
   00:028.320,     4.19948,     0.11007,    17.57271
   00:028.340,     4.20610,     0.00000,    17.56026
   00:028.360,     4.21304,     0.00000,    17.54782
   00:028.380,     4.22120,    -0.15996,    17.55404
   00:028.400,     4.23123,    -0.21772,    17.53537
   00:028.420,     4.24062,    -0.28893,    17.53537
   00:028.440,     4.25079,    -0.36439,    17.51048
   00:028.460,     4.25999,    -0.43586,    17.51048
   00:028.480,     4.26839,    -0.49980,    17.48559
   00:028.500,     4.28112,    -0.55368,    17.46692
   00:028.520,     4.29318,    -0.60043,    17.46070
   00:028.540,     4.30563,    -0.64362,    17.45447
   00:028.560,     4.31837,    -0.67840,    17.43580
   00:028.580,     4.32998,    -0.70081,    17.41091
   00:028.600,     4.34024,    -0.71450,    17.39847
   00:028.620,     4.34973,    -0.72275,    17.37980
   00:028.640,     4.36107,    -0.73230,    17.35491
   00:028.660,     4.37400,    -0.74874,    17.34868
   00:028.680,     4.38731,    -0.77007,    17.32379
   00:028.700,     4.39871,    -0.78889,    17.30512
   00:028.720,     4.40754,    -0.80388,    17.28023
   00:028.740,     4.41684,    -0.81790,    17.28023
   00:028.760,     4.42864,    -0.83278,    17.26778
   00:028.780,     4.43819,    -0.84158,    17.23045
   00:028.800,     4.44613,    -0.83900,    17.21800
   00:028.820,     4.44711,    -0.83356,    17.20555
   00:028.840,     4.43492,    -0.84157,    17.21178
   00:028.860,     4.40271,    -0.87093,    17.23045
   00:028.880,     4.29847,    -0.91012,    17.29890
   00:028.900,     3.98728,    -0.94251,    17.47314
   00:028.920,     3.32338,    -0.95491,    17.93364
   00:028.940,     2.46048,    -0.95024,    18.75508
   00:028.960,     1.72560,    -0.95486,    19.69475
   00:028.980,     1.22499,    -0.97570,    20.48507
   00:029.000,     0.89803,    -0.99306,    20.99535
   00:029.020,     0.68019,    -0.99728,    21.28783
   00:029.040,     0.53542,    -0.99432,    21.49319
   00:029.060,     0.43985,    -0.99056,    21.63010
   00:029.080,     0.37608,    -0.99324,    21.69233
   00:029.100,     0.33333,    -1.00715,    21.75456
   00:029.120,     0.30409,    -1.02353,    21.77945
   00:029.140,     0.28105,    -1.03137,    21.78567
   00:029.160,     0.26558,    -1.03415,    21.80434
   00:029.180,     0.25271,    -1.03675,    21.81679
   00:029.200,     0.24241,    -1.03450,    21.82923
   00:029.220,     0.23580,    -1.02070,    21.82923
   00:029.240,     0.23089,    -0.99831,    21.82923
   00:029.260,     0.22702,    -0.96758,    21.82923
   00:029.280,     0.22115,    -0.93300,    21.81679
   00:029.300,     0.21743,    -0.90515,    21.82923
   00:029.320,     0.21480,    -0.89407,    21.82923
   00:029.340,     0.21335,    -0.88773,    21.80434
   00:029.360,     0.21110,    -0.86171,    21.81056
   00:029.380,     0.20751,    -0.82442,    21.81056
   00:029.400,     0.20607,    -0.79012,    21.80434
   00:029.420,     0.20603,    -0.74075,    21.81056
   00:029.440,     0.20424,    -0.67900,    21.79189
   00:029.460,     0.20069,    -0.63563,    21.79812
   00:029.480,     0.19952,    -0.60643,    21.79189
   00:029.500,     0.19987,    -0.56296,    21.79189
   00:029.520,     0.19834,    -0.49583,    21.79189
   00:029.540,     0.19695,    -0.40388,    21.79189
   00:029.560,     0.19740,    -0.27860,    21.79812
   00:029.580,     0.19602,    -0.14128,    21.77945
   00:029.600,     0.19385,     0.00000,    21.77945
   00:029.620,     0.19360,     0.00000,    21.77945
   00:029.640,     0.19479,     0.19494,    21.79189
   00:029.660,     0.19304,     0.28586,    21.79189
   00:029.680,     0.19163,     0.38417,    21.77945
   00:029.700,     0.19168,     0.46340,    21.77945
   00:029.720,     0.19032,     0.52230,    21.80434
   00:029.740,     0.18847,     0.56582,    21.79189
   00:029.760,     0.18924,     0.60497,    21.77945
   00:029.780,     0.18953,     0.64311,    21.77945
   00:029.800,     0.18849,     0.68587,    21.77945
   00:029.820,     0.18766,     0.72325,    21.77945
   00:029.840,     0.18803,     0.74228,    21.78567
   00:029.860,     0.18808,     0.74725,    21.78567
   00:029.880,     0.18664,     0.76529,    21.77945
   00:029.900,     0.18442,     0.80630,    21.77945
   00:029.920,     0.18434,     0.84433,    21.77945
   00:029.940,     0.18473,     0.86230,    21.77945
   00:029.960,     0.18545,     0.86234,    21.78567
   00:029.980,     0.18402,     0.86449,    21.77945
   00:030.000,     0.18323,     0.87279,    21.77945
   00:030.020,     0.18330,     0.86891,    21.78567
   00:030.040,     0.18187,     0.85522,    21.79189
   00:030.060,     0.18123,     0.85700,    21.81056
   00:030.080,     0.18170,     0.88221,    21.77945
   00:030.100,     0.18222,     0.90452,    21.77945
   00:030.120,     0.18330,     0.90736,    21.79189
   00:030.140,     0.18418,     0.89116,    21.79189
   00:030.160,     0.18397,     0.86681,    21.79189
   00:030.180,     0.18260,     0.84491,    21.78567
   00:030.200,     0.18359,     0.83783,    21.77945
   00:030.220,     0.18652,     0.83695,    21.77945
   00:030.240,     0.19167,     0.82270,    21.79189
   00:030.260,     0.19802,     0.80702,    21.79189
   00:030.280,     0.20779,     0.79268,    21.77945
   00:030.300,     0.23698,     0.76628,    21.75456
   00:030.320,     0.31414,     0.73946,    21.72966
   00:030.340,     0.47156,     0.71887,    21.60520
   00:030.360,     0.71288,     0.69597,    21.38118
   00:030.380,     1.02591,     0.66816,    21.08247
   00:030.400,     1.38425,     0.63572,    20.64064
   00:030.420,     1.75252,     0.61051,    20.18636
   00:030.440,     2.09952,     0.59219,    19.76942
   00:030.460,     2.40532,     0.57396,    19.38982
   00:030.480,     2.66840,     0.55939,    19.06000
   00:030.500,     2.88934,     0.54133,    18.76752
   00:030.520,     3.07337,     0.52295,    18.54972
   00:030.540,     3.22494,     0.51009,    18.39414
   00:030.560,     3.34835,     0.49755,    18.25724
   00:030.580,     3.44641,     0.48416,    18.15767
   00:030.600,     3.52809,     0.47271,    18.07055
   00:030.620,     3.59429,     0.46156,    18.00832
   00:030.640,     3.64192,     0.44388,    17.96476
   00:030.660,     3.67894,     0.43003,    17.93364
   00:030.680,     3.71167,     0.43137,    17.92742
   00:030.700,     3.73754,     0.43848,    17.92120
   00:030.720,     3.75900,     0.43506,    17.89631
   00:030.740,     3.77983,     0.42667,    17.90253
   00:030.760,     3.80038,     0.41801,    17.91497
   00:030.780,     3.81525,     0.40481,    17.89631
   00:030.800,     3.82769,     0.39206,    17.90875
   00:030.820,     3.84383,     0.37958,    17.90875
   00:030.840,     3.85869,     0.36906,    17.89631
   00:030.860,     3.86972,     0.36320,    17.89631
   00:030.880,     3.88218,     0.36076,    17.88386
   00:030.900,     3.89693,     0.35473,    17.87764
   00:030.920,     3.91202,     0.34959,    17.89631
   00:030.940,     3.92362,     0.34461,    17.87141
   00:030.960,     3.93498,     0.33606,    17.87141
   00:030.980,     3.94983,     0.33061,    17.86519
   00:031.000,     3.96573,     0.32634,    17.85897
   00:031.020,     3.98027,     0.31669,    17.84652
   00:031.040,     3.99651,     0.30745,    17.84030
   00:031.060,     4.01169,     0.30483,    17.82163
   00:031.080,     4.02395,     0.30087,    17.80918
   00:031.100,     4.03097,     0.29070,    17.80918
   00:031.120,     4.03931,     0.28742,    17.79674
   00:031.140,     4.04917,     0.28954,    17.78429
   00:031.160,     4.05766,     0.28228,    17.77807
   00:031.180,     4.06560,     0.27289,    17.75940
   00:031.200,     4.07633,     0.26877,    17.74695
   00:031.220,     4.08958,     0.26657,    17.74695
   00:031.240,     4.10148,     0.26088,    17.73451
   00:031.260,     4.11324,     0.25221,    17.72828
   00:031.280,     4.12313,     0.23986,    17.71584
   00:031.300,     4.13160,     0.23523,    17.69717
   00:031.320,     4.14087,     0.23867,    17.65983
   00:031.340,     4.15239,     0.24624,    17.67228
   00:031.360,     4.16200,     0.25076,    17.64739
   00:031.380,     4.17249,     0.24620,    17.63494
   00:031.400,     4.18376,     0.23993,    17.59760
   00:031.420,     4.19291,     0.23667,    17.60383
   00:031.440,     4.20441,     0.23097,    17.59760
   00:031.460,     4.21957,     0.22351,    17.57271
   00:031.480,     4.22987,     0.21912,    17.56026
   00:031.500,     4.23545,     0.21618,    17.54782
   00:031.520,     4.24205,     0.21259,    17.53537
   00:031.540,     4.24768,     0.20498,    17.52915
   00:031.560,     4.25054,     0.20182,    17.52293
   00:031.580,     4.25846,     0.20283,    17.51048
   00:031.600,     4.26550,     0.19127,    17.51048
   00:031.620,     4.27184,     0.16957,    17.49803
   00:031.640,     4.28103,     0.14455,    17.49803
   00:031.660,     4.28809,     0.11281,    17.47314
   00:031.680,     4.28929,     0.00000,    17.44825
   00:031.700,     4.29604,     0.00000,    17.46070
   00:031.720,     4.30558,     0.00000,    17.44203
   00:031.740,     4.31503,    -0.16321,    17.42336
   00:031.760,     4.32847,    -0.22330,    17.41091
   00:031.780,     4.34021,    -0.28189,    17.39847
   00:031.800,     4.34922,    -0.33648,    17.38602
   00:031.820,     4.35947,    -0.38688,    17.35491
   00:031.840,     4.36677,    -0.42246,    17.34868
   00:031.860,     4.37509,    -0.45002,    17.32379
   00:031.880,     4.38322,    -0.47677,    17.33624
   00:031.900,     4.39087,    -0.50384,    17.30512
   00:031.920,     4.39918,    -0.52532,    17.29890
   00:031.940,     4.40756,    -0.54442,    17.30512
   00:031.960,     4.41701,    -0.56711,    17.28023
   00:031.980,     4.42513,    -0.58753,    17.24912
   00:032.000,     4.42828,    -0.59322,    17.24912
   00:032.020,     4.42941,    -0.58573,    17.22422
   00:032.040,     4.43350,    -0.58065,    17.22422
   00:032.060,     4.43835,    -0.59063,    17.22422
   00:032.080,     4.44230,    -0.62201,    17.19933
   00:032.100,     4.44596,    -0.66378,    17.20555
   00:032.120,     4.44886,    -0.69430,    17.21178
   00:032.140,     4.45164,    -0.70447,    17.18066
   00:032.160,     4.45149,    -0.70518,    17.18689
   00:032.180,     4.43067,    -0.71593,    17.19933
   00:032.200,     4.37600,    -0.73274,    17.23045
   00:032.220,     4.27173,    -0.74305,    17.29890
   00:032.240,     4.11337,    -0.75054,    17.44825
   00:032.260,     3.79311,    -0.75999,    17.64739
   00:032.280,     3.12431,    -0.77135,    18.12033
   00:032.300,     2.27685,    -0.78543,    18.94177
   00:032.320,     1.57903,    -0.80517,    19.87521
   00:032.340,     1.11945,    -0.83265,    20.60953
   00:032.360,     0.82192,    -0.86810,    21.08247
   00:032.380,     0.62402,    -0.90707,    21.38118
   00:032.400,     0.49704,    -0.94369,    21.54297
   00:032.420,     0.41428,    -0.97080,    21.64254
   00:032.440,     0.35893,    -0.98658,    21.70477
   00:032.460,     0.32047,    -0.99157,    21.75456
   00:032.480,     0.29272,    -0.99153,    21.77945
   00:032.500,     0.27371,    -0.99409,    21.80434
   00:032.520,     0.26006,    -0.99961,    21.81679
   00:032.540,     0.25060,    -1.00868,    21.80434
   00:032.560,     0.24248,    -1.01690,    21.82923
   00:032.580,     0.23578,    -1.01321,    21.81679
   00:032.600,     0.23167,    -0.99863,    21.81679
   00:032.620,     0.22738,    -0.98122,    21.82923
   00:032.640,     0.22213,    -0.95745,    21.82923
   00:032.660,     0.21858,    -0.92226,    21.81679
   00:032.680,     0.21543,    -0.88335,    21.80434
   00:032.700,     0.21337,    -0.85145,    21.79189
   00:032.720,     0.21173,    -0.82682,    21.81679
   00:032.740,     0.20970,    -0.80325,    21.79812
   00:032.760,     0.20782,    -0.78004,    21.79189
   00:032.780,     0.20625,    -0.74499,    21.79189
   00:032.800,     0.20551,    -0.67681,    21.77945
   00:032.820,     0.20457,    -0.58339,    21.78567
   00:032.840,     0.20230,    -0.49252,    21.78567
   00:032.860,     0.20009,    -0.40077,    21.77945
   00:032.880,     0.20001,    -0.28149,    21.78567
   00:032.900,     0.19951,    -0.13427,    21.77945
   00:032.920,     0.19890,     0.00000,    21.78567
   00:032.940,     0.19959,     0.18484,    21.77945
   00:032.960,     0.19845,     0.22534,    21.77945
   00:032.980,     0.19714,     0.26566,    21.77945
<WFATester Table End>
