<WFATester Graph 1.00 4,0.000,60.000,0,-10.000,10.000,-10.000,10.000,0,0.000,100.000,0.000,100.000>
<WFATester Table 1.00  1710,4,0,12,5,t,1,12,5,f,2,12,5,f,5,12,5,f>
        Temps,        CO2%,        Flow,         O2%
   00:000.000,     0.00000,     0.00000,    19.95963
   00:000.020,     0.00000,     0.00000,    19.96569
   00:000.040,     0.00000,     0.00000,    19.94147
   00:000.060,     0.00000,     0.00000,    19.95358
   00:000.080,     0.00000,     0.00000,    19.95358
   00:000.100,     0.00000,     0.00000,    19.94147
   00:000.120,     0.86105,     0.00000,    19.96569
   00:000.140,     0.87225,     0.00000,    19.95963
   00:000.160,     0.88218,     0.00000,    19.94147
   00:000.180,     0.88347,     0.00000,    19.91725
   00:000.200,     0.89302,     0.00000,    19.89304
   00:000.220,     0.97813,     0.00000,    19.86882
   00:000.240,     0.99555,     0.00000,    19.85066
   00:000.260,     1.01169,     0.00000,    19.80223
   00:000.280,     1.01958,     0.00000,    19.78406
   00:000.300,     1.02192,     0.00000,    19.79012
   00:000.320,     1.02160,     0.00000,    19.78406
   00:000.340,     1.01969,     0.00000,    19.79012
   00:000.360,     1.01761,     0.00000,    19.78406
   00:000.380,     1.01572,     0.00000,    19.78406
   00:000.400,     1.01396,     0.00000,    19.79617
   00:000.420,     1.01013,     0.00000,    19.77801
   00:000.440,     1.00808,     0.00000,    19.77801
   00:000.460,     1.00787,     0.00000,    19.77195
   00:000.480,     1.00573,     0.00000,    19.79617
   00:000.500,     1.00547,     0.00000,    19.80223
   00:000.520,     1.00664,     0.00000,    19.79617
   00:000.540,     1.00767,     0.00000,    19.79617
   00:000.560,     1.00688,     0.00000,    19.78406
   00:000.580,     1.00587,     0.00000,    19.81433
   00:000.600,     1.00653,     0.00000,    19.79617
   00:000.620,     1.00834,     0.00000,    19.77801
   00:000.640,     1.00984,     0.00000,    19.79617
   00:000.660,     1.00745,     0.00000,    19.80223
   00:000.680,     1.00461,     0.00000,    19.79617
   00:000.700,     0.99958,     0.00000,    19.80828
   00:000.720,     0.99391,     0.00000,    19.79617
   00:000.740,     0.99107,     0.00000,    19.79617
   00:000.760,     0.98870,     0.00000,    19.79617
   00:000.780,     0.98594,     0.00000,    19.82039
   00:000.800,     0.98236,     0.00000,    19.79617
   00:000.820,     0.97754,     0.00000,    19.80828
   00:000.840,     0.97179,     0.00000,    19.84460
   00:000.860,     0.96711,     0.00000,    19.83250
   00:000.880,     0.96923,     0.00000,    19.83250
   00:000.900,     0.97465,     0.00000,    19.83250
   00:000.920,     0.98040,     0.00000,    19.82039
   00:000.940,     0.98406,     0.00000,    19.82039
   00:000.960,     0.98658,     0.00000,    19.81433
   00:000.980,     0.99137,     0.00000,    19.80223
   00:001.000,     1.00084,     0.00000,    19.80223
   00:001.020,     1.01420,     0.00000,    19.80828
   00:001.040,     1.02975,     0.00000,    19.79617
   00:001.060,     1.04176,     0.00000,    19.77801
   00:001.080,     1.04935,     0.00000,    19.77801
   00:001.100,     1.05402,     0.00000,    19.74774
   00:001.120,     1.05631,     0.00000,    19.74774
   00:001.140,     1.05986,     0.00000,    19.74774
   00:001.160,     1.06261,     0.00000,    19.74774
   00:001.180,     1.06096,     0.00000,    19.74774
   00:001.200,     1.05698,     0.00000,    19.74774
   00:001.220,     1.05507,     0.00000,    19.74774
   00:001.240,     1.05542,     0.00000,    19.74774
   00:001.260,     1.05905,     0.00000,    19.74774
   00:001.280,     1.06332,     0.00000,    19.74774
   00:001.300,     1.06659,     0.00000,    19.74774
   00:001.320,     1.06609,     0.00000,    19.74774
   00:001.340,     1.05762,     0.00000,    19.74774
   00:001.360,     1.04579,     0.00000,    19.74774
   00:001.380,     1.03333,     0.00000,    19.75379
   00:001.400,     1.01937,     0.00000,    19.78406
   00:001.420,     1.00488,     0.00000,    19.77801
   00:001.440,     0.99515,     0.00000,    19.79617
   00:001.460,     0.98403,     0.00000,    19.80828
   00:001.480,     0.97026,     0.00000,    19.80828
   00:001.500,     0.96128,     0.00000,    19.82039
   00:001.520,     0.95576,     0.00000,    19.85066
   00:001.540,     0.95290,     0.00000,    19.84460
   00:001.560,     0.95214,     0.00000,    19.84460
   00:001.580,     0.94925,     0.00000,    19.85671
   00:001.600,     0.95013,     0.00000,    19.85671
   00:001.620,     0.96230,     0.00000,    19.84460
   00:001.640,     0.98011,     0.00000,    19.85066
   00:001.660,     0.99717,     0.00000,    19.82039
   00:001.680,     1.01081,     0.00000,    19.79617
   00:001.700,     1.01893,     0.00000,    19.80828
   00:001.720,     1.02334,     0.08830,    19.79617
   00:001.740,     1.02623,     0.00000,    19.76590
   00:001.760,     1.02343,     0.00000,    19.79617
   00:001.780,     1.01254,     0.00000,    19.79617
   00:001.800,     0.99946,     0.07661,    19.79617
   00:001.820,     0.98510,     0.09065,    19.80223
   00:001.840,     0.97449,     0.10532,    19.80223
   00:001.860,     0.96787,     0.12616,    19.82039
   00:001.880,     0.95939,     0.15090,    19.82039
   00:001.900,     0.94794,     0.17132,    19.84460
   00:001.920,     0.93629,     0.17875,    19.86882
   00:001.940,     0.92863,     0.17272,    19.86277
   00:001.960,     0.92699,     0.16722,    19.85671
   00:001.980,     0.92568,     0.17080,    19.86882
   00:002.000,     0.92046,     0.17689,    19.89304
   00:002.020,     0.91809,     0.18242,    19.88093
   00:002.040,     0.92366,     0.18835,    19.87488
   00:002.060,     0.92898,     0.19850,    19.87488
   00:002.080,     0.93060,     0.21141,    19.86277
   00:002.100,     0.94873,     0.22705,    19.89304
   00:002.120,     0.99150,     0.24768,    19.86882
   00:002.140,     1.04213,     0.26882,    19.82644
   00:002.160,     1.08812,     0.26772,    19.75985
   00:002.180,     1.12625,     0.23576,    19.72958
   00:002.200,     1.15682,     0.20353,    19.69325
   00:002.220,     1.18057,     0.21351,    19.68720
   00:002.240,     1.19930,     0.24862,    19.65087
   00:002.260,     1.21453,     0.26761,    19.62666
   00:002.280,     1.22658,     0.26046,    19.62666
   00:002.300,     1.23656,     0.24315,    19.60244
   00:002.320,     1.24894,     0.22986,    19.57822
   00:002.340,     1.26922,     0.22397,    19.56611
   00:002.360,     1.32118,     0.22431,    19.55401
   00:002.380,     1.48490,     0.22210,    19.49346
   00:002.400,     1.85807,     0.22058,    19.31184
   00:002.420,     2.45097,     0.23499,    18.87594
   00:002.440,     3.13513,     0.25971,    18.17366
   00:002.460,     3.74342,     0.27024,    17.32608
   00:002.480,     4.21097,     0.26933,    16.53299
   00:002.500,     4.57970,     0.25700,    15.90941
   00:002.520,     4.90574,     0.24169,    15.41297
   00:002.540,     5.18027,     0.24192,    14.96497
   00:002.560,     5.37941,     0.24775,    14.52302
   00:002.580,     5.51378,     0.24882,    14.16582
   00:002.600,     5.62324,     0.24468,    13.88128
   00:002.620,     5.76066,     0.23527,    13.60884
   00:002.640,     5.92500,     0.23118,    13.33035
   00:002.660,     6.07403,     0.23115,    13.01553
   00:002.680,     6.18544,     0.22615,    12.68861
   00:002.700,     6.26557,     0.22295,    12.43434
   00:002.720,     6.33653,     0.21649,    12.24666
   00:002.740,     6.40744,     0.20216,    12.05898
   00:002.760,     6.47567,     0.18041,    11.91368
   00:002.780,     6.53236,     0.15847,    11.76838
   00:002.800,     6.58079,     0.15409,    11.62308
   00:002.820,     6.62585,     0.14779,    11.52016
   00:002.840,     6.66849,     0.12279,    11.43540
   00:002.860,     6.70164,     0.08753,    11.34459
   00:002.880,     6.72238,     0.00000,    11.27194
   00:002.900,     6.74332,     0.00000,    11.23562
   00:002.920,     6.76559,     0.00000,    11.18718
   00:002.940,     6.78346,    -0.13293,    11.18718
   00:002.960,     6.79917,    -0.19114,    11.15086
   00:002.980,     6.81095,    -0.26517,    11.12664
   00:003.000,     6.82400,    -0.35632,    11.15086
   00:003.020,     6.85480,    -0.43229,    11.12664
   00:003.040,     6.89886,    -0.46553,    11.09032
   00:003.060,     6.93934,    -0.46620,    11.04188
   00:003.080,     6.97314,    -0.46965,    11.00556
   00:003.100,     6.99650,    -0.49131,    10.95713
   00:003.120,     7.01187,    -0.52758,    10.95107
   00:003.140,     7.01725,    -0.56798,    10.92080
   00:003.160,     7.01634,    -0.59527,    10.90869
   00:003.180,     7.01911,    -0.60233,    10.89659
   00:003.200,     7.02755,    -0.60197,    10.90869
   00:003.220,     7.04272,    -0.61102,    10.90869
   00:003.240,     7.05867,    -0.62527,    10.85421
   00:003.260,     7.06801,    -0.64041,    10.81788
   00:003.280,     7.07331,    -0.65210,    10.79972
   00:003.300,     7.07491,    -0.65061,    10.77550
   00:003.320,     7.07627,    -0.63848,    10.76339
   00:003.340,     7.07508,    -0.63519,    10.75734
   00:003.360,     7.06541,    -0.64890,    10.77550
   00:003.380,     7.01125,    -0.66564,    10.77550
   00:003.400,     6.85140,    -0.67706,    10.81788
   00:003.420,     6.57155,    -0.68767,    11.00556
   00:003.440,     6.21079,    -0.70354,    11.34459
   00:003.460,     5.63426,    -0.72728,    11.84709
   00:003.480,     4.61590,    -0.74679,    12.60385
   00:003.500,     3.38192,    -0.75303,    13.87522
   00:003.520,     2.38114,    -0.75717,    15.42508
   00:003.540,     1.73492,    -0.76678,    16.89624
   00:003.560,     1.35106,    -0.77722,    18.04047
   00:003.580,     1.11081,    -0.78507,    18.78513
   00:003.600,     0.93869,    -0.78434,    19.26341
   00:003.620,     0.80541,    -0.77189,    19.58428
   00:003.640,     0.70254,    -0.76469,    19.80828
   00:003.660,     0.62793,    -0.77740,    19.98990
   00:003.680,     0.57675,    -0.80257,    20.11704
   00:003.700,     0.53589,    -0.83279,    20.23207
   00:003.720,     0.49987,    -0.86757,    20.29261
   00:003.740,     0.47121,    -0.89550,    20.35921
   00:003.760,     0.44999,    -0.90949,    20.41369
   00:003.780,     0.43175,    -0.90754,    20.44396
   00:003.800,     0.41754,    -0.88767,    20.46213
   00:003.820,     0.40592,    -0.86539,    20.47424
   00:003.840,     0.39474,    -0.84042,    20.48634
   00:003.860,     0.38566,    -0.81152,    20.50451
   00:003.880,     0.37866,    -0.79588,    20.49845
   00:003.900,     0.37220,    -0.80170,    20.49845
   00:003.920,     0.36639,    -0.83297,    20.50451
   00:003.940,     0.36132,    -0.89179,    20.50451
   00:003.960,     0.35797,    -0.95883,    20.48029
   00:003.980,     0.35436,    -1.00847,    20.48634
   00:004.000,     0.35114,    -1.01802,    20.49240
   00:004.020,     0.34971,    -0.99035,    20.47424
   00:004.040,     0.34839,    -0.97752,    20.47424
   00:004.060,     0.34658,    -1.02250,    20.47424
   00:004.080,     0.34491,    -1.07361,    20.45607
   00:004.100,     0.34299,    -1.06430,    20.45002
   00:004.120,     0.34147,    -1.01032,    20.45607
   00:004.140,     0.33970,    -0.97726,    20.43791
   00:004.160,     0.33831,    -0.97722,    20.45002
   00:004.180,     0.33691,    -0.97806,    20.45002
   00:004.200,     0.33670,    -0.96966,    20.43186
   00:004.220,     0.33664,    -0.95336,    20.43791
   00:004.240,     0.33504,    -0.93972,    20.43791
   00:004.260,     0.33358,    -0.94882,    20.43791
   00:004.280,     0.33311,    -0.98772,    20.42580
   00:004.300,     0.33237,    -1.03155,    20.44396
   00:004.320,     0.33268,    -1.04438,    20.42580
   00:004.340,     0.33187,    -1.01353,    20.43791
   00:004.360,     0.33102,    -0.96882,    20.42580
   00:004.380,     0.32943,    -0.92566,    20.42580
   00:004.400,     0.32918,    -0.85698,    20.42580
   00:004.420,     0.32972,    -0.76156,    20.43791
   00:004.440,     0.32964,    -0.68913,    20.42580
   00:004.460,     0.32962,    -0.66750,    20.42580
   00:004.480,     0.32894,    -0.67197,    20.42580
   00:004.500,     0.32768,    -0.67364,    20.42580
   00:004.520,     0.32744,    -0.66851,    20.42580
   00:004.540,     0.32706,    -0.67297,    20.42580
   00:004.560,     0.32652,    -0.66140,    20.42580
   00:004.580,     0.32593,    -0.58378,    20.41369
   00:004.600,     0.32530,    -0.46619,    20.42580
   00:004.620,     0.32545,    -0.38206,    20.42580
   00:004.640,     0.32560,    -0.31318,    20.42580
   00:004.660,     0.32398,    -0.23712,    20.42580
   00:004.680,     0.32342,    -0.22312,    20.42580
   00:004.700,     0.32379,    -0.27639,    20.43186
   00:004.720,     0.32404,    -0.29572,    20.42580
   00:004.740,     0.32334,    -0.22801,    20.42580
   00:004.760,     0.32287,    -0.07926,    20.42580
   00:004.780,     0.32170,     0.00000,    20.43791
   00:004.800,     0.32098,     0.00000,    20.42580
   00:004.820,     0.32189,     0.09464,    20.42580
   00:004.840,     0.32113,     0.10601,    20.42580
   00:004.860,     0.32028,     0.10213,    20.42580
   00:004.880,     0.32027,     0.11021,    20.44396
   00:004.900,     0.32103,     0.14769,    20.44396
   00:004.920,     0.32144,     0.18871,    20.42580
   00:004.940,     0.31923,     0.22687,    20.43186
   00:004.960,     0.31887,     0.24514,    20.45002
   00:004.980,     0.32152,     0.22745,    20.41369
   00:005.000,     0.32065,     0.20390,    20.43791
   00:005.020,     0.31837,     0.21960,    20.43791
   00:005.040,     0.31796,     0.25059,    20.43791
   00:005.060,     0.31870,     0.25122,    20.43186
   00:005.080,     0.31814,     0.22284,    20.45002
   00:005.100,     0.31695,     0.20869,    20.42580
   00:005.120,     0.31764,     0.23050,    20.45002
   00:005.140,     0.31806,     0.25646,    20.43791
   00:005.160,     0.31733,     0.26080,    20.43186
   00:005.180,     0.31731,     0.25456,    20.43791
   00:005.200,     0.31735,     0.27483,    20.43791
   00:005.220,     0.31715,     0.30118,    20.42580
   00:005.240,     0.31784,     0.29221,    20.43791
   00:005.260,     0.31881,     0.27384,    20.43791
   00:005.280,     0.31990,     0.28799,    20.43791
   00:005.300,     0.32033,     0.31157,    20.44396
   00:005.320,     0.32219,     0.32162,    20.42580
   00:005.340,     0.32195,     0.35965,    20.45002
   00:005.360,     0.32018,     0.43758,    20.43186
   00:005.380,     0.31923,     0.49815,    20.43791
   00:005.400,     0.31849,     0.53424,    20.42580
   00:005.420,     0.31695,     0.56028,    20.43791
   00:005.440,     0.31662,     0.55865,    20.45002
   00:005.460,     0.31700,     0.52059,    20.45002
   00:005.480,     0.31787,     0.47515,    20.44396
   00:005.500,     0.31741,     0.46132,    20.43791
   00:005.520,     0.31779,     0.47301,    20.43186
   00:005.540,     0.31881,     0.47369,    20.44396
   00:005.560,     0.32004,     0.45403,    20.44396
   00:005.580,     0.32091,     0.42576,    20.44396
   00:005.600,     0.32049,     0.39236,    20.44396
   00:005.620,     0.32041,     0.36761,    20.42580
   00:005.640,     0.32282,     0.35959,    20.45002
   00:005.660,     0.32494,     0.37023,    20.45002
   00:005.680,     0.32527,     0.41109,    20.45002
   00:005.700,     0.32822,     0.47269,    20.43791
   00:005.720,     0.33917,     0.51324,    20.45002
   00:005.740,     0.36071,     0.51033,    20.42580
   00:005.760,     0.39602,     0.47993,    20.40764
   00:005.780,     0.44709,     0.45897,    20.37737
   00:005.800,     0.52253,     0.46207,    20.31077
   00:005.820,     0.63251,     0.48011,    20.20785
   00:005.840,     0.80630,     0.50811,    20.08677
   00:005.860,     1.06195,     0.52053,    19.83250
   00:005.880,     1.36744,     0.50677,    19.49346
   00:005.900,     1.69491,     0.49419,    19.08178
   00:005.920,     2.03970,     0.48656,    18.61561
   00:005.940,     2.38400,     0.48097,    18.12523
   00:005.960,     2.69066,     0.48821,    17.63484
   00:005.980,     2.94720,     0.49797,    17.21105
   00:006.000,     3.17017,     0.50003,    16.84781
   00:006.020,     3.35538,     0.49608,    16.56326
   00:006.040,     3.51891,     0.48309,    16.31504
   00:006.060,     3.68596,     0.46235,    16.10315
   00:006.080,     3.85011,     0.44310,    15.89125
   00:006.100,     3.99167,     0.44029,    15.69146
   00:006.120,     4.11200,     0.46252,    15.50984
   00:006.140,     4.21797,     0.49234,    15.36454
   00:006.160,     4.32453,     0.50635,    15.23135
   00:006.180,     4.43685,     0.51578,    15.09816
   00:006.200,     4.53506,     0.54867,    14.95286
   00:006.220,     4.60902,     0.58480,    14.83178
   00:006.240,     4.66705,     0.59582,    14.72280
   00:006.260,     4.70775,     0.58406,    14.66226
   00:006.280,     4.73831,     0.57278,    14.59566
   00:006.300,     4.76731,     0.56696,    14.55329
   00:006.320,     4.79221,     0.55208,    14.52302
   00:006.340,     4.81560,     0.53452,    14.48064
   00:006.360,     4.83868,     0.52359,    14.46853
   00:006.380,     4.86219,     0.51694,    14.43220
   00:006.400,     4.88538,     0.51751,    14.40799
   00:006.420,     4.91102,     0.52131,    14.39588
   00:006.440,     4.93878,     0.51299,    14.37166
   00:006.460,     4.96529,     0.50682,    14.32323
   00:006.480,     4.99264,     0.52240,    14.27480
   00:006.500,     5.02061,     0.53042,    14.25058
   00:006.520,     5.04513,     0.50457,    14.22636
   00:006.540,     5.06464,     0.46013,    14.19004
   00:006.560,     5.08279,     0.42142,    14.16582
   00:006.580,     5.09980,     0.38668,    14.15977
   00:006.600,     5.11386,     0.35149,    14.15371
   00:006.620,     5.12760,     0.33616,    14.12950
   00:006.640,     5.14812,     0.35255,    14.10528
   00:006.660,     5.17105,     0.38908,    14.08106
   00:006.680,     5.19521,     0.42684,    14.05685
   00:006.700,     5.21367,     0.45755,    14.03868
   00:006.720,     5.22707,     0.47723,    14.00841
   00:006.740,     5.23832,     0.48730,    13.99630
   00:006.760,     5.25509,     0.49933,    13.98420
   00:006.780,     5.27282,     0.51717,    13.95998
   00:006.800,     5.29219,     0.52865,    13.94787
   00:006.820,     5.30049,     0.52519,    13.92366
   00:006.840,     5.30355,     0.51161,    13.93576
   00:006.860,     5.31449,     0.49805,    13.93576
   00:006.880,     5.33268,     0.47531,    13.93576
   00:006.900,     5.34916,     0.44254,    13.91155
   00:006.920,     5.36013,     0.41267,    13.89338
   00:006.940,     5.36888,     0.38328,    13.86311
   00:006.960,     5.37955,     0.34769,    13.83890
   00:006.980,     5.38982,     0.33559,    13.83890
   00:007.000,     5.39961,     0.37080,    13.80257
   00:007.020,     5.40791,     0.41681,    13.79046
   00:007.040,     5.41365,     0.45067,    13.79046
   00:007.060,     5.41972,     0.46389,    13.76625
   00:007.080,     5.42328,     0.46137,    13.75414
   00:007.100,     5.42613,     0.45794,    13.72387
   00:007.120,     5.42973,     0.45355,    13.74203
   00:007.140,     5.43635,     0.43556,    13.72387
   00:007.160,     5.44386,     0.41899,    13.70571
   00:007.180,     5.45066,     0.41783,    13.68149
   00:007.200,     5.45879,     0.42566,    13.69360
   00:007.220,     5.46918,     0.43408,    13.66938
   00:007.240,     5.47759,     0.42300,    13.66938
   00:007.260,     5.48457,     0.40282,    13.66938
   00:007.280,     5.48973,     0.39497,    13.64516
   00:007.300,     5.49364,     0.39531,    13.62095
   00:007.320,     5.49861,     0.39732,    13.60884
   00:007.340,     5.50499,     0.40073,    13.59673
   00:007.360,     5.51513,     0.39963,    13.62095
   00:007.380,     5.52390,     0.38556,    13.60279
   00:007.400,     5.53459,     0.35898,    13.58462
   00:007.420,     5.54414,     0.33763,    13.57252
   00:007.440,     5.55527,     0.32548,    13.56646
   00:007.460,     5.56788,     0.31727,    13.56041
   00:007.480,     5.57619,     0.30961,    13.54830
   00:007.500,     5.58531,     0.30739,    13.54830
   00:007.520,     5.59394,     0.31063,    13.52408
   00:007.540,     5.59971,     0.30438,    13.53014
   00:007.560,     5.61120,     0.29298,    13.53014
   00:007.580,     5.62660,     0.28555,    13.51197
   00:007.600,     5.63462,     0.28000,    13.48776
   00:007.620,     5.63966,     0.27130,    13.49987
   00:007.640,     5.64477,     0.26144,    13.47565
   00:007.660,     5.64782,     0.25118,    13.48776
   00:007.680,     5.65138,     0.23171,    13.49987
   00:007.700,     5.65743,     0.20281,    13.48170
   00:007.720,     5.66697,     0.16881,    13.48170
   00:007.740,     5.67699,     0.12584,    13.48776
   00:007.760,     5.68865,     0.00000,    13.48170
   00:007.780,     5.70048,     0.00000,    13.48776
   00:007.800,     5.70966,    -0.12936,    13.47565
   00:007.820,     5.71756,    -0.15719,    13.46354
   00:007.840,     5.72597,    -0.21762,    13.45749
   00:007.860,     5.73184,    -0.31902,    13.45143
   00:007.880,     5.73815,    -0.42944,    13.45143
   00:007.900,     5.74937,    -0.52704,    13.45143
   00:007.920,     5.76328,    -0.60641,    13.43327
   00:007.940,     5.77673,    -0.66571,    13.42722
   00:007.960,     5.79259,    -0.71606,    13.37878
   00:007.980,     5.80505,    -0.75607,    13.37878
   00:008.000,     5.81653,    -0.78103,    13.34246
   00:008.020,     5.83233,    -0.78628,    13.31219
   00:008.040,     5.84450,    -0.77100,    13.30008
   00:008.060,     5.85251,    -0.75333,    13.27586
   00:008.080,     5.86043,    -0.74253,    13.26375
   00:008.100,     5.86662,    -0.72300,    13.26375
   00:008.120,     5.87109,    -0.69815,    13.25770
   00:008.140,     5.87586,    -0.68478,    13.23348
   00:008.160,     5.88264,    -0.68122,    13.22137
   00:008.180,     5.89094,    -0.68215,    13.23348
   00:008.200,     5.89984,    -0.68417,    13.20927
   00:008.220,     5.90554,    -0.68310,    13.19716
   00:008.240,     5.88813,    -0.67683,    13.18505
   00:008.260,     5.81261,    -0.66452,    13.18505
   00:008.280,     5.65883,    -0.65379,    13.26981
   00:008.300,     5.46927,    -0.65051,    13.42722
   00:008.320,     5.17408,    -0.65035,    13.65727
   00:008.340,     4.51526,    -0.64977,    14.00841
   00:008.360,     3.48434,    -0.64645,    14.75913
   00:008.380,     2.47735,    -0.64086,    15.87309
   00:008.400,     1.75017,    -0.63458,    17.09602
   00:008.420,     1.28165,    -0.62534,    18.17366
   00:008.440,     0.98018,    -0.61290,    18.95465
   00:008.460,     0.78363,    -0.60239,    19.45714
   00:008.480,     0.65719,    -0.60310,    19.75985
   00:008.500,     0.57541,    -0.62430,    20.00201
   00:008.520,     0.52004,    -0.65900,    20.14126
   00:008.540,     0.48197,    -0.68608,    20.21391
   00:008.560,     0.45685,    -0.69310,    20.30472
   00:008.580,     0.43805,    -0.67506,    20.34104
   00:008.600,     0.42433,    -0.64728,    20.38948
   00:008.620,     0.41529,    -0.61673,    20.40159
   00:008.640,     0.40755,    -0.56461,    20.42580
   00:008.660,     0.39870,    -0.51063,    20.42580
   00:008.680,     0.39136,    -0.49606,    20.45002
   00:008.700,     0.38546,    -0.51666,    20.45607
   00:008.720,     0.37926,    -0.53789,    20.46213
   00:008.740,     0.37511,    -0.53872,    20.43791
   00:008.760,     0.37123,    -0.52781,    20.45002
   00:008.780,     0.36695,    -0.52292,    20.45607
   00:008.800,     0.36457,    -0.52340,    20.44396
   00:008.820,     0.36300,    -0.51790,    20.43791
   00:008.840,     0.35956,    -0.50352,    20.45002
   00:008.860,     0.35685,    -0.49112,    20.42580
   00:008.880,     0.35562,    -0.48902,    20.41369
   00:008.900,     0.35396,    -0.47933,    20.42580
   00:008.920,     0.35304,    -0.44575,    20.43186
   00:008.940,     0.35224,    -0.41481,    20.42580
   00:008.960,     0.35039,    -0.42528,    20.41369
   00:008.980,     0.34815,    -0.45346,    20.41369
   00:009.000,     0.34772,    -0.46313,    20.40159
   00:009.020,     0.34733,    -0.45015,    20.40764
   00:009.040,     0.34552,    -0.42463,    20.41369
   00:009.060,     0.34499,    -0.40464,    20.39553
   00:009.080,     0.34448,    -0.39911,    20.38342
   00:009.100,     0.34287,    -0.39606,    20.38342
   00:009.120,     0.34171,    -0.38161,    20.40159
   00:009.140,     0.34139,    -0.35682,    20.40159
   00:009.160,     0.34091,    -0.33437,    20.39553
   00:009.180,     0.33992,    -0.31979,    20.40159
   00:009.200,     0.33895,    -0.30989,    20.38948
   00:009.220,     0.33868,    -0.30497,    20.38948
   00:009.240,     0.33860,    -0.29662,    20.39553
   00:009.260,     0.33638,    -0.27164,    20.37737
   00:009.280,     0.33407,    -0.23334,    20.38342
   00:009.300,     0.33424,    -0.18075,    20.38948
   00:009.320,     0.33611,    -0.10789,    20.37737
   00:009.340,     0.33479,     0.00000,    20.38342
   00:009.360,     0.33404,     0.00000,    20.38948
   00:009.380,     0.33362,     0.15372,    20.38948
   00:009.400,     0.33321,     0.16315,    20.38948
   00:009.420,     0.33314,     0.17851,    20.40764
   00:009.440,     0.33274,     0.21149,    20.42580
   00:009.460,     0.33190,     0.22120,    20.38342
   00:009.480,     0.33153,     0.18113,    20.38342
   00:009.500,     0.33157,     0.12139,    20.40159
   00:009.520,     0.33116,     0.11589,    20.38342
   00:009.540,     0.33115,     0.15373,    20.38948
   00:009.560,     0.33126,     0.18846,    20.38342
   00:009.580,     0.33060,     0.21787,    20.40159
   00:009.600,     0.32933,     0.23985,    20.40764
   00:009.620,     0.32819,     0.25921,    20.40159
   00:009.640,     0.32756,     0.28441,    20.40159
   00:009.660,     0.32843,     0.29833,    20.40764
   00:009.680,     0.32944,     0.29076,    20.40159
   00:009.700,     0.32884,     0.29080,    20.39553
   00:009.720,     0.32769,     0.31358,    20.40159
   00:009.740,     0.32729,     0.34266,    20.40764
   00:009.760,     0.32874,     0.36244,    20.38948
   00:009.780,     0.32861,     0.36406,    20.40159
   00:009.800,     0.32696,     0.34493,    20.41369
   00:009.820,     0.32721,     0.32212,    20.42580
   00:009.840,     0.32775,     0.31029,    20.40159
   00:009.860,     0.32813,     0.30785,    20.40764
   00:009.880,     0.32926,     0.31840,    20.38948
   00:009.900,     0.32791,     0.34280,    20.42580
   00:009.920,     0.32605,     0.37071,    20.42580
   00:009.940,     0.32500,     0.39923,    20.40159
   00:009.960,     0.32504,     0.43119,    20.40159
   00:009.980,     0.32689,     0.46284,    20.41369
   00:010.000,     0.32795,     0.49297,    20.42580
   00:010.020,     0.32772,     0.51545,    20.41369
   00:010.040,     0.32847,     0.52203,    20.41369
   00:010.060,     0.32919,     0.51203,    20.41369
   00:010.080,     0.32778,     0.48257,    20.42580
   00:010.100,     0.32777,     0.44235,    20.42580
   00:010.120,     0.32921,     0.42117,    20.41369
   00:010.140,     0.32945,     0.42928,    20.40159
   00:010.160,     0.33111,     0.44460,    20.40764
   00:010.180,     0.33304,     0.45055,    20.42580
   00:010.200,     0.33717,     0.46667,    20.42580
   00:010.220,     0.34648,     0.50952,    20.42580
   00:010.240,     0.37205,     0.54419,    20.40159
   00:010.260,     0.42377,     0.54151,    20.36526
   00:010.280,     0.49929,     0.50837,    20.34710
   00:010.300,     0.60140,     0.46790,    20.24418
   00:010.320,     0.73212,     0.42984,    20.14126
   00:010.340,     0.87270,     0.40252,    19.97780
   00:010.360,     0.99677,     0.40673,    19.82039
   00:010.380,     1.10903,     0.44668,    19.65087
   00:010.400,     1.25505,     0.49706,    19.49346
   00:010.420,     1.45778,     0.54204,    19.31184
   00:010.440,     1.71750,     0.56209,    19.06967
   00:010.460,     2.01972,     0.55338,    18.74881
   00:010.480,     2.33499,     0.53505,    18.36739
   00:010.500,     2.66857,     0.51873,    17.94360
   00:010.520,     3.02837,     0.49978,    17.54403
   00:010.540,     3.36387,     0.47808,    17.09602
   00:010.560,     3.63171,     0.46080,    16.67223
   00:010.580,     3.83633,     0.44751,    16.35742
   00:010.600,     3.99771,     0.43669,    16.11525
   00:010.620,     4.13642,     0.42755,    15.92758
   00:010.640,     4.27142,     0.42999,    15.75806
   00:010.660,     4.39649,     0.44482,    15.61881
   00:010.680,     4.49876,     0.45662,    15.47352
   00:010.700,     4.58497,     0.45221,    15.36454
   00:010.720,     4.66385,     0.43164,    15.26767
   00:010.740,     4.73508,     0.41602,    15.17081
   00:010.760,     4.79051,     0.42463,    15.07394
   00:010.780,     4.83092,     0.44752,    15.02551
   00:010.800,     4.87071,     0.47367,    14.97708
   00:010.820,     4.90976,     0.49643,    14.92864
   00:010.840,     4.94463,     0.51091,    14.89232
   00:010.860,     4.97152,     0.51472,    14.86810
   00:010.880,     4.99209,     0.49806,    14.81967
   00:010.900,     5.01216,     0.45433,    14.80756
   00:010.920,     5.03638,     0.39724,    14.78940
   00:010.940,     5.06393,     0.35974,    14.75913
   00:010.960,     5.08752,     0.33562,    14.73491
   00:010.980,     5.10246,     0.29975,    14.71675
   00:011.000,     5.11447,     0.29046,    14.71069
   00:011.020,     5.12587,     0.34176,    14.68648
   00:011.040,     5.13607,     0.40083,    14.67437
   00:011.060,     5.14446,     0.43653,    14.67437
   00:011.080,     5.15563,     0.44293,    14.66831
   00:011.100,     5.17051,     0.42370,    14.64410
   00:011.120,     5.19198,     0.39067,    14.64410
   00:011.140,     5.20827,     0.34429,    14.61383
   00:011.160,     5.21954,     0.29822,    14.59566
   00:011.180,     5.23588,     0.27626,    14.60172
   00:011.200,     5.25173,     0.28528,    14.57750
   00:011.220,     5.26184,     0.31753,    14.55329
   00:011.240,     5.27146,     0.35410,    14.54118
   00:011.260,     5.28289,     0.37425,    14.52907
   00:011.280,     5.29476,     0.38378,    14.51696
   00:011.300,     5.30535,     0.39952,    14.51696
   00:011.320,     5.31185,     0.41382,    14.50485
   00:011.340,     5.32197,     0.41285,    14.51696
   00:011.360,     5.33828,     0.40163,    14.49274
   00:011.380,     5.35253,     0.38063,    14.46853
   00:011.400,     5.36358,     0.34837,    14.48064
   00:011.420,     5.37384,     0.31932,    14.46247
   00:011.440,     5.38668,     0.30631,    14.42009
   00:011.460,     5.39728,     0.30613,    14.42615
   00:011.480,     5.40469,     0.30874,    14.43220
   00:011.500,     5.41125,     0.30659,    14.40193
   00:011.520,     5.42249,     0.30662,    14.39588
   00:011.540,     5.43810,     0.30880,    14.39588
   00:011.560,     5.45577,     0.30242,    14.35350
   00:011.580,     5.47740,     0.28465,    14.33534
   00:011.600,     5.49581,     0.26779,    14.29901
   00:011.620,     5.51202,     0.25863,    14.28085
   00:011.640,     5.52129,     0.25713,    14.25058
   00:011.660,     5.52879,     0.25729,    14.25058
   00:011.680,     5.53410,     0.25154,    14.22636
   00:011.700,     5.53989,     0.23757,    14.23847
   00:011.720,     5.54471,     0.22210,    14.24452
   00:011.740,     5.54499,     0.20820,    14.22636
   00:011.760,     5.54580,     0.18215,    14.22636
   00:011.780,     5.55205,     0.13579,    14.22636
   00:011.800,     5.56263,     0.11363,    14.22636
   00:011.820,     5.57577,     0.14350,    14.20215
   00:011.840,     5.59010,     0.17152,    14.19004
   00:011.860,     5.60190,     0.17810,    14.17793
   00:011.880,     5.61613,     0.17283,    14.14160
   00:011.900,     5.63040,     0.16041,    14.12950
   00:011.920,     5.64134,     0.13842,    14.10528
   00:011.940,     5.65177,     0.11587,    14.06895
   00:011.960,     5.66615,     0.10471,    14.06895
   00:011.980,     5.67742,     0.10478,    14.05079
   00:012.000,     5.68556,     0.11107,    14.00841
   00:012.020,     5.70102,     0.11445,    14.00841
   00:012.040,     5.71816,     0.08578,    13.98420
   00:012.060,     5.73479,     0.00000,    13.93576
   00:012.080,     5.75505,    -0.14135,    13.90549
   00:012.100,     5.77443,    -0.20039,    13.88733
   00:012.120,     5.78782,    -0.27210,    13.84495
   00:012.140,     5.79948,    -0.34278,    13.80257
   00:012.160,     5.81060,    -0.40274,    13.80257
   00:012.180,     5.81834,    -0.46336,    13.76625
   00:012.200,     5.82555,    -0.51962,    13.74809
   00:012.220,     5.83756,    -0.57150,    13.74203
   00:012.240,     5.85145,    -0.61251,    13.71781
   00:012.260,     5.86393,    -0.63939,    13.68149
   00:012.280,     5.87411,    -0.65907,    13.66938
   00:012.300,     5.88391,    -0.67841,    13.65122
   00:012.320,     5.89123,    -0.69208,    13.63306
   00:012.340,     5.89655,    -0.69410,    13.62700
   00:012.360,     5.89522,    -0.68759,    13.59673
   00:012.380,     5.89529,    -0.67521,    13.60884
   00:012.400,     5.90177,    -0.65894,    13.59673
   00:012.420,     5.90533,    -0.64096,    13.59673
   00:012.440,     5.90323,    -0.62700,    13.57252
   00:012.460,     5.90049,    -0.62369,    13.59673
   00:012.480,     5.90293,    -0.63174,    13.59673
   00:012.500,     5.90445,    -0.64715,    13.58462
   00:012.520,     5.87843,    -0.66046,    13.58462
   00:012.540,     5.75382,    -0.66195,    13.59068
   00:012.560,     5.42536,    -0.65395,    13.70571
   00:012.580,     4.92673,    -0.65121,    14.04474
   00:012.600,     4.31017,    -0.64458,    14.58961
   00:012.620,     3.46524,    -0.60513,    15.27978
   00:012.640,     2.53036,    -0.54793,    16.24845
   00:012.660,     1.79169,    -0.52432,    17.31397
   00:012.680,     1.31099,    -0.54250,    18.25237
   00:012.700,     1.00332,    -0.56937,    18.99702
   00:012.720,     0.80050,    -0.58617,    19.48136
   00:012.740,     0.67058,    -0.59788,    19.79617
   00:012.760,     0.58612,    -0.60302,    19.99596
   00:012.780,     0.52813,    -0.60008,    20.13520
   00:012.800,     0.48660,    -0.58937,    20.25023
   00:012.820,     0.45920,    -0.56820,    20.29261
   00:012.840,     0.44050,    -0.54845,    20.35315
   00:012.860,     0.42528,    -0.53943,    20.40159
   00:012.880,     0.41382,    -0.52570,    20.41369
   00:012.900,     0.40529,    -0.50780,    20.42580
   00:012.920,     0.39814,    -0.49809,    20.43791
   00:012.940,     0.39219,    -0.49560,    20.43791
   00:012.960,     0.38704,    -0.49450,    20.45607
   00:012.980,     0.38185,    -0.50104,    20.44396
   00:013.000,     0.37824,    -0.51458,    20.45002
   00:013.020,     0.37513,    -0.52320,    20.43791
   00:013.040,     0.37191,    -0.52298,    20.45002
   00:013.060,     0.36849,    -0.51333,    20.43791
   00:013.080,     0.36625,    -0.49722,    20.45002
   00:013.100,     0.36371,    -0.47760,    20.43791
   00:013.120,     0.36092,    -0.45525,    20.42580
   00:013.140,     0.35972,    -0.43421,    20.42580
   00:013.160,     0.35942,    -0.41389,    20.42580
   00:013.180,     0.35726,    -0.39368,    20.42580
   00:013.200,     0.35413,    -0.37453,    20.42580
   00:013.220,     0.35277,    -0.36392,    20.39553
   00:013.240,     0.35312,    -0.36031,    20.40764
   00:013.260,     0.35236,    -0.35115,    20.42580
   00:013.280,     0.35021,    -0.33474,    20.40159
   00:013.300,     0.34891,    -0.31342,    20.38948
   00:013.320,     0.34906,    -0.27704,    20.40159
   00:013.340,     0.34818,    -0.21068,    20.41369
   00:013.360,     0.34559,    -0.12120,    20.40764
   00:013.380,     0.34560,     0.00000,    20.38948
   00:013.400,     0.34675,     0.00000,    20.39553
   00:013.420,     0.34574,     0.18664,    20.38342
   00:013.440,     0.34350,     0.24636,    20.40159
   00:013.460,     0.34245,     0.28351,    20.39553
   00:013.480,     0.34243,     0.29603,    20.38948
   00:013.500,     0.34330,     0.29862,    20.38948
   00:013.520,     0.34291,     0.28814,    20.38948
   00:013.540,     0.34180,     0.25517,    20.38948
   00:013.560,     0.34173,     0.21333,    20.37737
   00:013.580,     0.34161,     0.18314,    20.37737
   00:013.600,     0.34000,     0.17750,    20.38948
   00:013.620,     0.34049,     0.17897,    20.38948
   00:013.640,     0.34095,     0.17133,    20.39553
   00:013.660,     0.33913,     0.18176,    20.38948
   00:013.680,     0.33816,     0.23242,    20.37737
   00:013.700,     0.33726,     0.30224,    20.40159
   00:013.720,     0.33605,     0.36519,    20.38948
   00:013.740,     0.33534,     0.40373,    20.38342
   00:013.760,     0.33517,     0.41432,    20.40764
   00:013.780,     0.33481,     0.40094,    20.38948
   00:013.800,     0.33449,     0.37200,    20.40159
   00:013.820,     0.33474,     0.33768,    20.40159
   00:013.840,     0.33436,     0.30816,    20.40159
   00:013.860,     0.33411,     0.29562,    20.39553
   00:013.880,     0.33462,     0.30257,    20.40159
   00:013.900,     0.33486,     0.32030,    20.37737
   00:013.920,     0.33506,     0.34219,    20.39553
   00:013.940,     0.33469,     0.36700,    20.40764
   00:013.960,     0.33453,     0.38881,    20.39553
   00:013.980,     0.33361,     0.39916,    20.40159
   00:014.000,     0.33395,     0.39082,    20.40159
   00:014.020,     0.33556,     0.36742,    20.38948
   00:014.040,     0.33588,     0.33999,    20.40764
   00:014.060,     0.33581,     0.31472,    20.40159
   00:014.080,     0.33724,     0.29138,    20.38948
   00:014.100,     0.33897,     0.28502,    20.40764
   00:014.120,     0.33961,     0.31065,    20.39553
   00:014.140,     0.34046,     0.35360,    20.40764
   00:014.160,     0.34092,     0.38675,    20.40159
   00:014.180,     0.34257,     0.42367,    20.40764
   00:014.200,     0.35051,     0.48511,    20.40764
   00:014.220,     0.36793,     0.53285,    20.40159
   00:014.240,     0.40053,     0.54211,    20.37737
   00:014.260,     0.45344,     0.53010,    20.34710
   00:014.280,     0.53210,     0.50967,    20.29261
   00:014.300,     0.64158,     0.48684,    20.20785
   00:014.320,     0.79344,     0.46745,    20.09282
   00:014.340,     1.01530,     0.45289,    19.89304
   00:014.360,     1.28852,     0.44884,    19.65087
   00:014.380,     1.55840,     0.46677,    19.32395
   00:014.400,     1.81324,     0.49541,    18.99097
   00:014.420,     2.06969,     0.50735,    18.65799
   00:014.440,     2.31727,     0.49362,    18.34318
   00:014.460,     2.52962,     0.47878,    18.03442
   00:014.480,     2.71190,     0.47535,    17.77409
   00:014.500,     2.91983,     0.47620,    17.54403
   00:014.520,     3.17035,     0.47197,    17.28976
   00:014.540,     3.41563,     0.45893,    17.01732
   00:014.560,     3.60711,     0.44708,    16.75699
   00:014.580,     3.73393,     0.43848,    16.55115
   00:014.600,     3.83528,     0.42655,    16.38164
   00:014.620,     3.94944,     0.40933,    16.26055
   00:014.640,     4.06592,     0.39679,    16.13342
   00:014.660,     4.17688,     0.39819,    16.01839
   00:014.680,     4.28994,     0.40578,    15.89731
   00:014.700,     4.41577,     0.40770,    15.79438
   00:014.720,     4.54782,     0.39909,    15.67936
   00:014.740,     4.65873,     0.39134,    15.50984
   00:014.760,     4.73311,     0.39365,    15.40087
   00:014.780,     4.78184,     0.40614,    15.34032
   00:014.800,     4.81132,     0.41784,    15.25557
   00:014.820,     4.83642,     0.42385,    15.24346
   00:014.840,     4.88115,     0.42285,    15.21924
   00:014.860,     4.94873,     0.40849,    15.17081
   00:014.880,     5.00756,     0.38046,    15.12238
   00:014.900,     5.05212,     0.35805,    15.04973
   00:014.920,     5.09289,     0.34339,    14.98313
   00:014.940,     5.12995,     0.31035,    14.94075
   00:014.960,     5.16248,     0.26796,    14.91653
   00:014.980,     5.19053,     0.26629,    14.86810
   00:015.000,     5.21362,     0.30200,    14.83178
   00:015.020,     5.23353,     0.32842,    14.80756
   00:015.040,     5.25360,     0.33914,    14.81967
   00:015.060,     5.26835,     0.33734,    14.78940
   00:015.080,     5.27709,     0.32163,    14.75913
   00:015.100,     5.28568,     0.29886,    14.74096
   00:015.120,     5.30168,     0.27700,    14.75913
   00:015.140,     5.32081,     0.25552,    14.73491
   00:015.160,     5.34122,     0.24113,    14.72280
   00:015.180,     5.36243,     0.24517,    14.69859
   00:015.200,     5.38106,     0.26307,    14.66226
   00:015.220,     5.40054,     0.26939,    14.65015
   00:015.240,     5.41779,     0.25797,    14.61988
   00:015.260,     5.43177,     0.24306,    14.59566
   00:015.280,     5.44785,     0.23768,    14.58961
   00:015.300,     5.46674,     0.23715,    14.56539
   00:015.320,     5.48203,     0.22808,    14.54118
   00:015.340,     5.49263,     0.21065,    14.52302
   00:015.360,     5.50610,     0.18855,    14.50485
   00:015.380,     5.52431,     0.16227,    14.49274
   00:015.400,     5.53994,     0.14003,    14.46853
   00:015.420,     5.54860,     0.12896,    14.44431
   00:015.440,     5.55786,     0.12350,    14.42009
   00:015.460,     5.56793,     0.11939,    14.40799
   00:015.480,     5.57801,     0.11871,    14.39588
   00:015.500,     5.59176,     0.11773,    14.38377
   00:015.520,     5.60538,     0.11389,    14.35955
   00:015.540,     5.61462,     0.10220,    14.35955
   00:015.560,     5.62223,     0.09262,    14.32323
   00:015.580,     5.63174,     0.09493,    14.28690
   00:015.600,     5.64603,     0.10159,    14.28085
   00:015.620,     5.66378,     0.10175,    14.26269
   00:015.640,     5.67808,     0.10210,    14.22636
   00:015.660,     5.69178,     0.09554,    14.19004
   00:015.680,     5.70070,     0.00000,    14.18398
   00:015.700,     5.70617,     0.00000,    14.14160
   00:015.720,     5.71338,     0.00000,    14.14160
   00:015.740,     5.71818,     0.00000,    14.14160
   00:015.760,     5.72354,     0.00000,    14.11739
   00:015.780,     5.73121,     0.00000,    14.11133
   00:015.800,     5.73827,     0.00000,    14.10528
   00:015.820,     5.74550,     0.00000,    14.08712
   00:015.840,     5.75346,     0.00000,    14.06895
   00:015.860,     5.75850,     0.08014,    14.05685
   00:015.880,     5.75622,     0.00000,    14.05685
   00:015.900,     5.75329,     0.00000,    14.04474
   00:015.920,     5.75297,     0.00000,    14.05685
   00:015.940,     5.75666,     0.00000,    14.05685
   00:015.960,     5.75921,     0.00000,    14.06290
   00:015.980,     5.76127,     0.00000,    14.05079
   00:016.000,     5.76620,     0.00000,    14.03868
   00:016.020,     5.77220,     0.00000,    14.03263
   00:016.040,     5.77527,     0.00000,    14.03263
   00:016.060,     5.77531,     0.00000,    14.03263
   00:016.080,     5.77853,     0.00000,    14.03263
   00:016.100,     5.78317,    -0.14520,    14.00841
   00:016.120,     5.78635,    -0.18694,    14.00841
   00:016.140,     5.78795,    -0.24242,    13.99630
   00:016.160,     5.78867,    -0.31691,    14.00841
   00:016.180,     5.78888,    -0.39830,    14.00236
   00:016.200,     5.78244,    -0.46848,    13.99630
   00:016.220,     5.75851,    -0.51956,    14.00841
   00:016.240,     5.65047,    -0.56110,    14.03263
   00:016.260,     5.38494,    -0.59478,    14.14160
   00:016.280,     5.02285,    -0.62095,    14.37166
   00:016.300,     4.73865,    -0.64095,    14.73491
   00:016.320,     4.67211,    -0.65537,    15.04973
   00:016.340,     4.80209,    -0.66534,    15.18292
   00:016.360,     5.00678,    -0.67066,    15.09816
   00:016.380,     5.19249,    -0.66178,    14.91653
   00:016.400,     5.32236,    -0.63991,    14.71069
   00:016.420,     5.38711,    -0.61919,    14.52907
   00:016.440,     5.36174,    -0.60640,    14.45642
   00:016.460,     5.22699,    -0.60252,    14.46853
   00:016.480,     5.01806,    -0.61157,    14.58961
   00:016.500,     4.76941,    -0.63039,    14.80756
   00:016.520,     4.49742,    -0.65096,    15.06183
   00:016.540,     4.27256,    -0.66035,    15.36454
   00:016.560,     4.15042,    -0.65331,    15.63092
   00:016.580,     4.04039,    -0.64259,    15.83676
   00:016.600,     3.84204,    -0.64225,    15.99417
   00:016.620,     3.53795,    -0.62427,    16.18790
   00:016.640,     3.09977,    -0.57526,    16.52694
   00:016.660,     2.52911,    -0.53871,    17.01127
   00:016.680,     1.95475,    -0.54924,    17.62274
   00:016.700,     1.51684,    -0.58575,    18.29474
   00:016.720,     1.23410,    -0.61825,    18.86383
   00:016.740,     1.03260,    -0.63884,    19.26341
   00:016.760,     0.86598,    -0.64514,    19.56611
   00:016.780,     0.72964,    -0.62913,    19.77195
   00:016.800,     0.62865,    -0.58840,    19.92936
   00:016.820,     0.55716,    -0.52881,    20.06861
   00:016.840,     0.50630,    -0.47657,    20.18364
   00:016.860,     0.47113,    -0.44837,    20.25023
   00:016.880,     0.44595,    -0.42636,    20.30472
   00:016.900,     0.42754,    -0.38667,    20.32894
   00:016.920,     0.41371,    -0.33272,    20.35315
   00:016.940,     0.40239,    -0.28577,    20.38342
   00:016.960,     0.39361,    -0.25598,    20.40159
   00:016.980,     0.38809,    -0.24055,    20.40159
   00:017.000,     0.38246,    -0.23315,    20.42580
   00:017.020,     0.37638,    -0.23183,    20.38948
   00:017.040,     0.37434,    -0.23032,    20.40159
   00:017.060,     0.37291,    -0.22357,    20.40159
   00:017.080,     0.36885,    -0.21787,    20.41369
   00:017.100,     0.36512,    -0.21760,    20.40764
   00:017.120,     0.36308,    -0.22285,    20.40159
   00:017.140,     0.36095,    -0.23041,    20.38948
   00:017.160,     0.35858,    -0.22323,    20.40159
   00:017.180,     0.35782,    -0.18485,    20.38948
   00:017.200,     0.35658,    -0.10834,    20.37737
   00:017.220,     0.35523,     0.00000,    20.38948
   00:017.240,     0.35266,     0.00000,    20.37737
   00:017.260,     0.35278,     0.11768,    20.37737
   00:017.280,     0.35231,     0.11247,    20.37737
   00:017.300,     0.35074,     0.09655,    20.38342
   00:017.320,     0.34979,     0.00000,    20.36526
   00:017.340,     0.34936,     0.00000,    20.36526
   00:017.360,     0.34840,     0.00000,    20.36526
   00:017.380,     0.34730,     0.00000,    20.37737
   00:017.400,     0.34503,     0.09428,    20.35315
   00:017.420,     0.34431,     0.13580,    20.37737
   00:017.440,     0.34381,     0.20868,    20.37737
   00:017.460,     0.34349,     0.26937,    20.37737
   00:017.480,     0.34332,     0.28164,    20.37737
   00:017.500,     0.34305,     0.24762,    20.35921
   00:017.520,     0.34316,     0.20006,    20.35315
   00:017.540,     0.34315,     0.17113,    20.36526
   00:017.560,     0.34214,     0.16745,    20.38342
   00:017.580,     0.34194,     0.18240,    20.37737
   00:017.600,     0.34093,     0.20790,    20.35315
   00:017.620,     0.34045,     0.24017,    20.37737
   00:017.640,     0.34117,     0.26511,    20.36526
   00:017.660,     0.34192,     0.26344,    20.36526
   00:017.680,     0.34173,     0.25006,    20.35315
   00:017.700,     0.34155,     0.24934,    20.37737
   00:017.720,     0.34227,     0.26158,    20.36526
   00:017.740,     0.34453,     0.26993,    20.37737
   00:017.760,     0.34532,     0.27032,    20.36526
   00:017.780,     0.34397,     0.26640,    20.37737
   00:017.800,     0.34275,     0.25845,    20.35921
   00:017.820,     0.34228,     0.25076,    20.35315
   00:017.840,     0.34131,     0.25067,    20.35921
   00:017.860,     0.34079,     0.26137,    20.37737
   00:017.880,     0.34141,     0.28280,    20.36526
   00:017.900,     0.34072,     0.30937,    20.35315
   00:017.920,     0.33943,     0.33105,    20.36526
   00:017.940,     0.33840,     0.34369,    20.37737
   00:017.960,     0.33892,     0.34846,    20.37737
   00:017.980,     0.33751,     0.35659,    20.37737
   00:018.000,     0.33686,     0.36904,    20.38948
   00:018.020,     0.33853,     0.38148,    20.38342
   00:018.040,     0.33959,     0.39466,    20.37737
   00:018.060,     0.34041,     0.40558,    20.38948
   00:018.080,     0.34220,     0.40646,    20.37737
   00:018.100,     0.34448,     0.39463,    20.36526
   00:018.120,     0.34674,     0.37885,    20.37737
   00:018.140,     0.34962,     0.36829,    20.36526
   00:018.160,     0.35324,     0.36476,    20.38948
   00:018.180,     0.35771,     0.35284,    20.35921
   00:018.200,     0.36517,     0.32544,    20.37737
   00:018.220,     0.38597,     0.31428,    20.36526
   00:018.240,     0.43172,     0.35141,    20.35315
   00:018.260,     0.51217,     0.39846,    20.31077
   00:018.280,     0.63379,     0.42198,    20.21391
   00:018.300,     0.80747,     0.42630,    20.09282
   00:018.320,     1.03317,     0.41481,    19.90515
   00:018.340,     1.30537,     0.39330,    19.62666
   00:018.360,     1.60657,     0.36626,    19.29973
   00:018.380,     1.90969,     0.34491,    18.93648
   00:018.400,     2.17444,     0.33129,    18.54902
   00:018.420,     2.34205,     0.33136,    18.22815
   00:018.440,     2.43734,     0.34395,    18.00415
   00:018.460,     2.56472,     0.34464,    17.84674
   00:018.480,     2.76776,     0.32979,    17.71355
   00:018.500,     3.01133,     0.31908,    17.48349
   00:018.520,     3.26247,     0.31648,    17.21711
   00:018.540,     3.51228,     0.31511,    16.92045
   00:018.560,     3.75043,     0.30837,    16.62986
   00:018.580,     3.97957,     0.29102,    16.37558
   00:018.600,     4.18989,     0.27519,    16.12736
   00:018.620,     4.35616,     0.26727,    15.89731
   00:018.640,     4.48823,     0.25584,    15.72779
   00:018.660,     4.61608,     0.23505,    15.58249
   00:018.680,     4.74232,     0.20807,    15.43719
   00:018.700,     4.84273,     0.18364,    15.29189
   00:018.720,     4.90995,     0.16844,    15.20108
   00:018.740,     4.98045,     0.16019,    15.11632
   00:018.760,     5.05093,     0.16059,    15.03156
   00:018.780,     5.10017,     0.16511,    14.97708
   00:018.800,     5.14858,     0.17057,    14.90443
   00:018.820,     5.19990,     0.17357,    14.85599
   00:018.840,     5.24577,     0.16939,    14.80756
   00:018.860,     5.28477,     0.16158,    14.75913
   00:018.880,     5.32008,     0.14866,    14.71069
   00:018.900,     5.35365,     0.12838,    14.68648
   00:018.920,     5.38566,     0.10956,    14.63804
   00:018.940,     5.40795,     0.10394,    14.61383
   00:018.960,     5.41858,     0.10599,    14.58961
   00:018.980,     5.42689,     0.09813,    14.57750
   00:019.000,     5.43612,     0.00000,    14.57750
   00:019.020,     5.44848,     0.00000,    14.56539
   00:019.040,     5.46349,     0.10634,    14.54723
   00:019.060,     5.48213,     0.14368,    14.52907
   00:019.080,     5.50380,     0.16256,    14.49880
   00:019.100,     5.52285,     0.16753,    14.48064
   00:019.120,     5.53782,     0.16073,    14.46853
   00:019.140,     5.54993,     0.14682,    14.44431
   00:019.160,     5.56070,     0.12998,    14.42009
   00:019.180,     5.56756,     0.11333,    14.42009
   00:019.200,     5.57548,     0.09853,    14.42009
   00:019.220,     5.58815,     0.09153,    14.39588
   00:019.240,     5.60343,     0.10258,    14.39588
   00:019.260,     5.61371,     0.10983,    14.38377
   00:019.280,     5.62023,     0.10014,    14.37166
   00:019.300,     5.62403,     0.08960,    14.37166
   00:019.320,     5.62581,     0.08735,    14.35350
   00:019.340,     5.62809,     0.08040,    14.34745
   00:019.360,     5.63230,     0.00000,    14.35955
   00:019.380,     5.63597,     0.00000,    14.34745
   00:019.400,     5.64053,     0.00000,    14.34745
   00:019.420,     5.64236,     0.00000,    14.32928
   00:019.440,     5.64531,     0.00000,    14.32323
   00:019.460,     5.64939,     0.00000,    14.33534
   00:019.480,     5.65029,    -0.15187,    14.32928
   00:019.500,     5.65004,    -0.21466,    14.32323
   00:019.520,     5.65397,    -0.28725,    14.32323
   00:019.540,     5.65848,    -0.36212,    14.32323
   00:019.560,     5.66490,    -0.42131,    14.29901
   00:019.580,     5.67513,    -0.46286,    14.29901
   00:019.600,     5.68731,    -0.48189,    14.29901
   00:019.620,     5.69908,    -0.48649,    14.26269
   00:019.640,     5.70511,    -0.48708,    14.25663
   00:019.660,     5.70817,    -0.49107,    14.25058
   00:019.680,     5.71481,    -0.49946,    14.25663
   00:019.700,     5.71977,    -0.51121,    14.25058
   00:019.720,     5.71984,    -0.52782,    14.23847
   00:019.740,     5.71963,    -0.54789,    14.23847
   00:019.760,     5.72034,    -0.56158,    14.21425
   00:019.780,     5.71936,    -0.57312,    14.22636
   00:019.800,     5.71773,    -0.59229,    14.23847
   00:019.820,     5.71675,    -0.60509,    14.25058
   00:019.840,     5.71410,    -0.57726,    14.23847
   00:019.860,     5.70539,    -0.51485,    14.23242
   00:019.880,     5.67345,    -0.47170,    14.25058
   00:019.900,     5.58860,    -0.47248,    14.27480
   00:019.920,     5.43631,    -0.49843,    14.33534
   00:019.940,     5.23493,    -0.52864,    14.49274
   00:019.960,     5.00793,    -0.55444,    14.68648
   00:019.980,     4.75277,    -0.56990,    14.95286
   00:020.000,     4.36560,    -0.57678,    15.25557
   00:020.020,     3.65092,    -0.57895,    15.67936
   00:020.040,     2.73704,    -0.57331,    16.36953
   00:020.060,     1.96955,    -0.57241,    17.28976
   00:020.080,     1.47720,    -0.59769,    18.19788
   00:020.100,     1.18460,    -0.62955,    18.88200
   00:020.120,     1.00175,    -0.64149,    19.31184
   00:020.140,     0.87362,    -0.63375,    19.61455
   00:020.160,     0.77490,    -0.62293,    19.79617
   00:020.180,     0.69561,    -0.61868,    19.94147
   00:020.200,     0.63569,    -0.61222,    20.03834
   00:020.220,     0.58676,    -0.60311,    20.13520
   00:020.240,     0.54363,    -0.60167,    20.20785
   00:020.260,     0.51157,    -0.60137,    20.25023
   00:020.280,     0.48712,    -0.58590,    20.28656
   00:020.300,     0.46555,    -0.55182,    20.32894
   00:020.320,     0.44609,    -0.51380,    20.35315
   00:020.340,     0.43159,    -0.48130,    20.35315
   00:020.360,     0.42017,    -0.44426,    20.38342
   00:020.380,     0.41209,    -0.39542,    20.40159
   00:020.400,     0.40508,    -0.33489,    20.39553
   00:020.420,     0.39634,    -0.26552,    20.40764
   00:020.440,     0.38919,    -0.19551,    20.40764
   00:020.460,     0.38289,    -0.11125,    20.40764
   00:020.480,     0.37860,     0.00000,    20.40764
   00:020.500,     0.37648,     0.00000,    20.40159
   00:020.520,     0.37364,     0.14518,    20.40159
   00:020.540,     0.37052,     0.16481,    20.40764
   00:020.560,     0.36809,     0.17288,    20.38948
   00:020.580,     0.36468,     0.17670,    20.39553
   00:020.600,     0.36137,     0.18650,    20.38948
   00:020.620,     0.36037,     0.19146,    20.40159
   00:020.640,     0.35809,     0.21346,    20.39553
   00:020.660,     0.35407,     0.26567,    20.38948
   00:020.680,     0.35320,     0.30598,    20.39553
   00:020.700,     0.35365,     0.30663,    20.38948
   00:020.720,     0.35216,     0.28829,    20.37737
   00:020.740,     0.35068,     0.28466,    20.38948
   00:020.760,     0.35003,     0.30533,    20.37737
   00:020.780,     0.34840,     0.34008,    20.37737
   00:020.800,     0.34642,     0.38350,    20.40159
   00:020.820,     0.34553,     0.42424,    20.37737
   00:020.840,     0.34584,     0.45874,    20.38342
   00:020.860,     0.34565,     0.48054,    20.36526
   00:020.880,     0.34666,     0.48576,    20.38948
   00:020.900,     0.34421,     0.48918,    20.38342
   00:020.920,     0.34271,     0.50404,    20.37737
   00:020.940,     0.34293,     0.52038,    20.37737
   00:020.960,     0.34259,     0.52395,    20.37737
   00:020.980,     0.34330,     0.52164,    20.38342
   00:021.000,     0.34455,     0.51398,    20.36526
   00:021.020,     0.34478,     0.50416,    20.37737
   00:021.040,     0.34481,     0.49736,    20.36526
   00:021.060,     0.34444,     0.48852,    20.37737
   00:021.080,     0.34298,     0.47921,    20.37737
   00:021.100,     0.34184,     0.47543,    20.36526
   00:021.120,     0.34204,     0.47232,    20.37737
   00:021.140,     0.34284,     0.47370,    20.37737
   00:021.160,     0.34210,     0.47710,    20.38948
   00:021.180,     0.34182,     0.47256,    20.38342
   00:021.200,     0.34361,     0.46652,    20.35921
   00:021.220,     0.34681,     0.46898,    20.40159
   00:021.240,     0.34756,     0.47340,    20.40159
   00:021.260,     0.34921,     0.46933,    20.36526
   00:021.280,     0.35878,     0.46249,    20.37737
   00:021.300,     0.38500,     0.45235,    20.37737
   00:021.320,     0.43928,     0.42902,    20.35315
   00:021.340,     0.55501,     0.40150,    20.28050
   00:021.360,     0.75832,     0.38789,    20.17153
   00:021.380,     1.03500,     0.38252,    19.94147
   00:021.400,     1.37359,     0.36480,    19.62666
   00:021.420,     1.76447,     0.34074,    19.19076
   00:021.440,     2.16929,     0.34621,    18.71248
   00:021.460,     2.54343,     0.38680,    18.20999
   00:021.480,     2.90173,     0.42723,    17.74987
   00:021.500,     3.27371,     0.44833,    17.30187
   00:021.520,     3.63304,     0.45047,    16.87808
   00:021.540,     3.93186,     0.44146,    16.49061
   00:021.560,     4.16191,     0.42008,    16.13947
   00:021.580,     4.34299,     0.39175,    15.88520
   00:021.600,     4.49069,     0.36816,    15.69752
   00:021.620,     4.61151,     0.35983,    15.52195
   00:021.640,     4.71921,     0.36800,    15.38876
   00:021.660,     4.83709,     0.38479,    15.27978
   00:021.680,     4.95631,     0.38905,    15.15870
   00:021.700,     5.04767,     0.38092,    15.02551
   00:021.720,     5.10374,     0.37113,    14.95286
   00:021.740,     5.14123,     0.36408,    14.90443
   00:021.760,     5.17593,     0.35716,    14.86810
   00:021.780,     5.21773,     0.34307,    14.83178
   00:021.800,     5.25335,     0.32215,    14.78940
   00:021.820,     5.27989,     0.29991,    14.77123
   00:021.840,     5.30841,     0.27600,    14.72280
   00:021.860,     5.34397,     0.25202,    14.71069
   00:021.880,     5.37247,     0.23115,    14.66831
   00:021.900,     5.39700,     0.21584,    14.65015
   00:021.920,     5.42165,     0.20415,    14.63804
   00:021.940,     5.43695,     0.19976,    14.60172
   00:021.960,     5.44320,     0.20134,    14.57750
   00:021.980,     5.45245,     0.20315,    14.57145
   00:022.000,     5.47062,     0.20300,    14.55329
   00:022.020,     5.49466,     0.20581,    14.55329
   00:022.040,     5.51314,     0.21357,    14.52302
   00:022.060,     5.52816,     0.21844,    14.50485
   00:022.080,     5.54276,     0.21329,    14.46853
   00:022.100,     5.55715,     0.20213,    14.46247
   00:022.120,     5.56541,     0.18979,    14.45642
   00:022.140,     5.56757,     0.17400,    14.44431
   00:022.160,     5.57039,     0.15780,    14.44431
   00:022.180,     5.57164,     0.14700,    14.43220
   00:022.200,     5.57464,     0.12349,    14.43220
   00:022.220,     5.58708,     0.00000,    14.43220
   00:022.240,     5.61042,     0.00000,    14.42009
   00:022.260,     5.63942,     0.07926,    14.35955
   00:022.280,     5.66090,     0.11241,    14.32323
   00:022.300,     5.67704,     0.11994,    14.31112
   00:022.320,     5.69215,     0.11201,    14.26269
   00:022.340,     5.70185,     0.08325,    14.22636
   00:022.360,     5.71209,     0.00000,    14.23847
   00:022.380,     5.72762,     0.00000,    14.20215
   00:022.400,     5.74112,     0.00000,    14.19004
   00:022.420,     5.74442,    -0.13243,    14.15977
   00:022.440,     5.74804,    -0.16791,    14.15371
   00:022.460,     5.75280,    -0.19494,    14.15371
   00:022.480,     5.76161,    -0.22107,    14.14160
   00:022.500,     5.77151,    -0.26592,    14.12950
   00:022.520,     5.77459,    -0.32141,    14.10528
   00:022.540,     5.78207,    -0.36505,    14.09317
   00:022.560,     5.79828,    -0.39707,    14.08106
   00:022.580,     5.81795,    -0.42557,    14.05079
   00:022.600,     5.83772,    -0.45238,    14.04474
   00:022.620,     5.85497,    -0.47448,    14.00236
   00:022.640,     5.86471,    -0.49254,    13.97209
   00:022.660,     5.86659,    -0.50719,    13.95998
   00:022.680,     5.84832,    -0.51852,    13.93576
   00:022.700,     5.76898,    -0.52846,    13.95998
   00:022.720,     5.65880,    -0.53574,    14.03263
   00:022.740,     5.62036,    -0.53479,    14.11739
   00:022.760,     5.67305,    -0.52949,    14.15977
   00:022.780,     5.74759,    -0.52292,    14.14766
   00:022.800,     5.80188,    -0.51606,    14.06895
   00:022.820,     5.82776,    -0.50844,    13.99630
   00:022.840,     5.77536,    -0.49665,    13.95998
   00:022.860,     5.53926,    -0.47817,    14.00236
   00:022.880,     5.08773,    -0.45758,    14.22636
   00:022.900,     4.55030,    -0.44397,    14.66831
   00:022.920,     4.14066,    -0.44105,    15.23135
   00:022.940,     3.86845,    -0.44990,    15.72173
   00:022.960,     3.41365,    -0.46746,    16.11525
   00:022.980,     2.67825,    -0.48482,    16.62986
   00:023.000,     1.98133,    -0.49214,    17.35635
   00:023.020,     1.50740,    -0.48348,    18.14945
   00:023.040,     1.18972,    -0.47430,    18.80935
   00:023.060,     0.95242,    -0.47182,    19.28762
   00:023.080,     0.78333,    -0.44354,    19.57822
   00:023.100,     0.67564,    -0.38330,    19.85066
   00:023.120,     0.60856,    -0.33063,    20.01412
   00:023.140,     0.57003,    -0.32414,    20.11099
   00:023.160,     0.55341,    -0.35489,    20.18364
   00:023.180,     0.53988,    -0.39359,    20.20785
   00:023.200,     0.51858,    -0.42302,    20.26234
   00:023.220,     0.49513,    -0.43865,    20.28050
   00:023.240,     0.47494,    -0.43271,    20.32894
   00:023.260,     0.45698,    -0.40573,    20.33499
   00:023.280,     0.44335,    -0.36784,    20.35315
   00:023.300,     0.43467,    -0.33969,    20.35921
   00:023.320,     0.42796,    -0.33743,    20.38342
   00:023.340,     0.41996,    -0.34106,    20.37737
   00:023.360,     0.41058,    -0.33136,    20.37737
   00:023.380,     0.40162,    -0.31339,    20.40159
   00:023.400,     0.39541,    -0.29563,    20.37737
   00:023.420,     0.39039,    -0.28174,    20.37737
   00:023.440,     0.38581,    -0.27876,    20.38342
   00:023.460,     0.37936,    -0.29141,    20.38948
   00:023.480,     0.37435,    -0.31302,    20.40159
   00:023.500,     0.37085,    -0.33616,    20.38342
   00:023.520,     0.36737,    -0.34784,    20.38948
   00:023.540,     0.36362,    -0.34303,    20.38342
   00:023.560,     0.36096,    -0.32909,    20.37737
   00:023.580,     0.36007,    -0.31587,    20.37737
   00:023.600,     0.35948,    -0.30540,    20.37737
   00:023.620,     0.35886,    -0.29358,    20.37737
   00:023.640,     0.35753,    -0.27799,    20.37737
   00:023.660,     0.35528,    -0.25814,    20.38948
   00:023.680,     0.35374,    -0.23545,    20.37737
   00:023.700,     0.35443,    -0.21522,    20.37737
   00:023.720,     0.35446,    -0.20327,    20.36526
   00:023.740,     0.35221,    -0.19935,    20.36526
   00:023.760,     0.34999,    -0.20077,    20.38948
   00:023.780,     0.34892,    -0.19749,    20.36526
   00:023.800,     0.34944,    -0.18440,    20.37737
   00:023.820,     0.34840,    -0.14909,    20.37737
   00:023.840,     0.34774,     0.00000,    20.37131
   00:023.860,     0.34797,     0.00000,    20.36526
   00:023.880,     0.34770,     0.12428,    20.35315
   00:023.900,     0.34624,     0.17028,    20.37737
   00:023.920,     0.34572,     0.21977,    20.35315
   00:023.940,     0.34577,     0.24244,    20.36526
   00:023.960,     0.34475,     0.23818,    20.37737
   00:023.980,     0.34396,     0.22696,    20.37737
   00:024.000,     0.34359,     0.22050,    20.36526
   00:024.020,     0.34368,     0.22462,    20.37737
   00:024.040,     0.34453,     0.23966,    20.36526
   00:024.060,     0.34226,     0.26005,    20.37737
   00:024.080,     0.34094,     0.28085,    20.35315
   00:024.100,     0.34172,     0.30130,    20.36526
   00:024.120,     0.34144,     0.30480,    20.35921
   00:024.140,     0.34165,     0.29454,    20.35921
   00:024.160,     0.34294,     0.29652,    20.36526
   00:024.180,     0.34381,     0.31138,    20.37737
   00:024.200,     0.34322,     0.32993,    20.37737
   00:024.220,     0.34319,     0.34559,    20.36526
   00:024.240,     0.34330,     0.35272,    20.37737
   00:024.260,     0.34319,     0.35173,    20.36526
   00:024.280,     0.34266,     0.33920,    20.36526
   00:024.300,     0.34224,     0.31914,    20.36526
   00:024.320,     0.34165,     0.30731,    20.37737
   00:024.340,     0.34186,     0.30558,    20.37737
   00:024.360,     0.34217,     0.30551,    20.35315
   00:024.380,     0.34067,     0.31498,    20.37737
   00:024.400,     0.33988,     0.33254,    20.40159
   00:024.420,     0.33945,     0.34853,    20.37737
   00:024.440,     0.33763,     0.36308,    20.38342
   00:024.460,     0.33717,     0.38163,    20.36526
   00:024.480,     0.33718,     0.40093,    20.38948
   00:024.500,     0.33748,     0.41399,    20.40159
   00:024.520,     0.33891,     0.42318,    20.38342
   00:024.540,     0.34031,     0.42556,    20.37737
   00:024.560,     0.34208,     0.42055,    20.37737
   00:024.580,     0.34298,     0.41009,    20.37737
   00:024.600,     0.34440,     0.39645,    20.37737
   00:024.620,     0.34876,     0.39259,    20.38948
   00:024.640,     0.35728,     0.40384,    20.38342
   00:024.660,     0.37424,     0.41582,    20.37737
   00:024.680,     0.40466,     0.40758,    20.36526
   00:024.700,     0.45217,     0.39747,    20.34104
   00:024.720,     0.53067,     0.42398,    20.29261
   00:024.740,     0.65837,     0.46694,    20.20785
   00:024.760,     0.83570,     0.48759,    20.06255
   00:024.780,     1.05183,     0.48612,    19.86882
   00:024.800,     1.29334,     0.46680,    19.60849
   00:024.820,     1.53501,     0.43807,    19.32395
   00:024.840,     1.76735,     0.41588,    19.02730
   00:024.860,     2.00977,     0.40393,    18.73670
   00:024.880,     2.27923,     0.39662,    18.44004
   00:024.900,     2.58834,     0.40462,    18.11312
   00:024.920,     2.92006,     0.43057,    17.76803
   00:024.940,     3.24142,     0.44754,    17.37452
   00:024.960,     3.54081,     0.44137,    16.99310
   00:024.980,     3.81736,     0.42927,    16.62986
   00:025.000,     4.04988,     0.41796,    16.33320
   00:025.020,     4.22212,     0.40747,    16.07893
   00:025.040,     4.35663,     0.39611,    15.87309
   00:025.060,     4.48826,     0.38682,    15.73990
   00:025.080,     4.59846,     0.37734,    15.60671
   00:025.100,     4.67028,     0.36198,    15.50984
   00:025.120,     4.72755,     0.34589,    15.41903
   00:025.140,     4.79286,     0.33369,    15.36454
   00:025.160,     4.86117,     0.32035,    15.31611
   00:025.180,     4.92440,     0.30149,    15.22530
   00:025.200,     4.98119,     0.28710,    15.15870
   00:025.220,     5.04042,     0.27735,    15.09816
   00:025.240,     5.10897,     0.26962,    15.06789
   00:025.260,     5.17979,     0.26195,    14.96497
   00:025.280,     5.24190,     0.25752,    14.89232
   00:025.300,     5.29545,     0.25866,    14.82572
   00:025.320,     5.33764,     0.25743,    14.77123
   00:025.340,     5.37202,     0.25210,    14.72280
   00:025.360,     5.40164,     0.24334,    14.66831
   00:025.380,     5.42272,     0.23194,    14.63804
   00:025.400,     5.43644,     0.21628,    14.63199
   00:025.420,     5.45256,     0.19528,    14.61383
   00:025.440,     5.47234,     0.17195,    14.58961
   00:025.460,     5.49902,     0.15610,    14.54723
   00:025.480,     5.52531,     0.14166,    14.51696
   00:025.500,     5.54569,     0.10308,    14.52302
   00:025.520,     5.56039,     0.00000,    14.48669
   00:025.540,     5.57265,     0.00000,    14.45642
   00:025.560,     5.58051,     0.08136,    14.43220
   00:025.580,     5.58416,     0.08434,    14.42009
   00:025.600,     5.59356,     0.00000,    14.40799
   00:025.620,     5.61058,     0.00000,    14.42009
   00:025.640,     5.62687,     0.00000,    14.38377
   00:025.660,     5.64091,     0.00000,    14.37166
   00:025.680,     5.65731,    -0.15348,    14.34745
   00:025.700,     5.67834,    -0.21214,    14.32323
   00:025.720,     5.69632,    -0.27003,    14.30507
   00:025.740,     5.70843,    -0.31263,    14.27480
   00:025.760,     5.72082,    -0.33351,    14.25663
   00:025.780,     5.73481,    -0.35260,    14.22636
   00:025.800,     5.74366,    -0.38082,    14.20215
   00:025.820,     5.75055,    -0.39827,    14.19609
   00:025.840,     5.75657,    -0.40189,    14.17793
   00:025.860,     5.76759,    -0.40605,    14.19004
   00:025.880,     5.78144,    -0.41672,    14.15977
   00:025.900,     5.79240,    -0.43087,    14.12950
   00:025.920,     5.80146,    -0.44400,    14.12950
   00:025.940,     5.81208,    -0.45151,    14.10528
   00:025.960,     5.81897,    -0.45232,    14.06895
   00:025.980,     5.80220,    -0.45317,    14.06290
   00:026.000,     5.74675,    -0.45950,    14.08106
   00:026.020,     5.68556,    -0.46890,    14.11739
   00:026.040,     5.67155,    -0.47609,    14.19004
   00:026.060,     5.69879,    -0.47559,    14.20820
   00:026.080,     5.70925,    -0.47205,    14.19004
   00:026.100,     5.59633,    -0.47333,    14.17793
   00:026.120,     5.25949,    -0.47469,    14.29296
   00:026.140,     4.78585,    -0.46798,    14.57750
   00:026.160,     4.41750,    -0.45160,    15.04973
   00:026.180,     4.23322,    -0.43071,    15.50984
   00:026.200,     4.03548,    -0.41784,    15.82466
   00:026.220,     3.51543,    -0.41883,    16.11525
   00:026.240,     2.70042,    -0.42855,    16.61775
   00:026.260,     1.94016,    -0.44297,    17.42295
   00:026.280,     1.41469,    -0.45668,    18.25842
   00:026.300,     1.07751,    -0.46369,    18.96070
   00:026.320,     0.85416,    -0.46249,    19.42081
   00:026.340,     0.70855,    -0.46026,    19.77195
   00:026.360,     0.61577,    -0.45429,    19.97174
   00:026.380,     0.55325,    -0.41541,    20.11099
   00:026.400,     0.50941,    -0.35901,    20.18364
   00:026.420,     0.47829,    -0.33226,    20.25629
   00:026.440,     0.45452,    -0.34958,    20.31077
   00:026.460,     0.43612,    -0.38150,    20.35315
   00:026.480,     0.42304,    -0.40771,    20.37737
   00:026.500,     0.41242,    -0.42548,    20.38342
   00:026.520,     0.40330,    -0.42984,    20.40159
   00:026.540,     0.39515,    -0.42675,    20.40764
   00:026.560,     0.38796,    -0.42258,    20.40764
   00:026.580,     0.38207,    -0.41076,    20.41369
   00:026.600,     0.37811,    -0.40013,    20.43186
   00:026.620,     0.37574,    -0.40247,    20.42580
   00:026.640,     0.37291,    -0.40369,    20.42580
   00:026.660,     0.37039,    -0.39014,    20.42580
   00:026.680,     0.36743,    -0.36678,    20.41369
   00:026.700,     0.36501,    -0.34299,    20.40159
   00:026.720,     0.36351,    -0.33382,    20.40159
   00:026.740,     0.36348,    -0.35748,    20.40159
   00:026.760,     0.36171,    -0.40883,    20.40159
   00:026.780,     0.35852,    -0.46113,    20.40159
   00:026.800,     0.35815,    -0.48402,    20.37131
   00:026.820,     0.35822,    -0.47652,    20.38948
   00:026.840,     0.35567,    -0.45388,    20.38342
   00:026.860,     0.35422,    -0.43608,    20.38948
   00:026.880,     0.35340,    -0.42906,    20.38948
   00:026.900,     0.35243,    -0.42000,    20.38342
   00:026.920,     0.35187,    -0.40665,    20.37737
   00:026.940,     0.35138,    -0.39562,    20.37737
   00:026.960,     0.35044,    -0.39074,    20.35315
   00:026.980,     0.34984,    -0.39232,    20.36526
   00:027.000,     0.34961,    -0.39243,    20.37737
   00:027.020,     0.34876,    -0.38287,    20.37131
   00:027.040,     0.34699,    -0.36750,    20.35315
   00:027.060,     0.34528,    -0.35927,    20.36526
   00:027.080,     0.34476,    -0.36409,    20.36526
   00:027.100,     0.34440,    -0.37130,    20.37737
   00:027.120,     0.34402,    -0.35305,    20.36526
   00:027.140,     0.34309,    -0.28613,    20.37737
   00:027.160,     0.34263,    -0.18413,    20.37737
   00:027.180,     0.34208,     0.00000,    20.36526
   00:027.200,     0.34195,     0.16724,    20.36526
   00:027.220,     0.34295,     0.23990,    20.35921
   00:027.240,     0.34297,     0.30129,    20.37737
   00:027.260,     0.34194,     0.33164,    20.36526
   00:027.280,     0.34144,     0.34675,    20.35315
   00:027.300,     0.34078,     0.36326,    20.37737
   00:027.320,     0.34012,     0.38166,    20.37131
   00:027.340,     0.34088,     0.39794,    20.36526
   00:027.360,     0.34084,     0.40534,    20.37737
   00:027.380,     0.33992,     0.41388,    20.36526
   00:027.400,     0.33870,     0.43492,    20.36526
   00:027.420,     0.33875,     0.45030,    20.38342
   00:027.440,     0.34035,     0.45016,    20.37737
   00:027.460,     0.33764,     0.45060,    20.35921
   00:027.480,     0.33557,     0.45488,    20.38342
   00:027.500,     0.33515,     0.45503,    20.36526
   00:027.520,     0.33646,     0.45408,    20.36526
   00:027.540,     0.33720,     0.45166,    20.37737
   00:027.560,     0.33757,     0.43783,    20.38342
   00:027.580,     0.33695,     0.41687,    20.37737
   00:027.600,     0.33501,     0.40674,    20.37737
   00:027.620,     0.33580,     0.40441,    20.36526
   00:027.640,     0.33603,     0.40044,    20.37737
   00:027.660,     0.33637,     0.39978,    20.38948
   00:027.680,     0.33702,     0.39206,    20.39553
   00:027.700,     0.33763,     0.37972,    20.36526
   00:027.720,     0.33801,     0.36931,    20.38342
   00:027.740,     0.33605,     0.36410,    20.37737
   00:027.760,     0.33623,     0.37252,    20.37737
   00:027.780,     0.33721,     0.39391,    20.37737
   00:027.800,     0.33801,     0.41993,    20.37737
   00:027.820,     0.33879,     0.43545,    20.40159
   00:027.840,     0.33960,     0.43707,    20.38948
   00:027.860,     0.34197,     0.42998,    20.37737
   00:027.880,     0.34709,     0.40666,    20.38342
   00:027.900,     0.36428,     0.37190,    20.37737
   00:027.920,     0.40472,     0.34776,    20.37737
   00:027.940,     0.48042,     0.34323,    20.32894
   00:027.960,     0.59229,     0.35063,    20.26234
   00:027.980,     0.73781,     0.35301,    20.14126
   00:028.000,     0.94751,     0.35952,    19.98990
   00:028.020,     1.23904,     0.39780,    19.72958
   00:028.040,     1.56907,     0.44035,    19.40265
   00:028.060,     1.87460,     0.45593,    19.02124
   00:028.080,     2.14232,     0.45340,    18.63378
   00:028.100,     2.42460,     0.43667,    18.29474
   00:028.120,     2.74309,     0.41214,    17.97993
   00:028.140,     3.04580,     0.39162,    17.62274
   00:028.160,     3.30820,     0.37367,    17.25949
   00:028.180,     3.54754,     0.37406,    16.96283
   00:028.200,     3.76261,     0.39399,    16.69645
   00:028.220,     3.94359,     0.42244,    16.45429
   00:028.240,     4.10200,     0.44401,    16.26055
   00:028.260,     4.25717,     0.45127,    16.08498
   00:028.280,     4.39810,     0.45734,    15.92152
   00:028.300,     4.50980,     0.46407,    15.78228
   00:028.320,     4.60626,     0.45723,    15.67936
   00:028.340,     4.69693,     0.43502,    15.58249
   00:028.360,     4.77372,     0.40829,    15.48562
   00:028.380,     4.82983,     0.38888,    15.41297
   00:028.400,     4.87503,     0.37256,    15.36454
   00:028.420,     4.92220,     0.35381,    15.31611
   00:028.440,     4.97078,     0.33746,    15.26767
   00:028.460,     5.00863,     0.32419,    15.21924
   00:028.480,     5.03281,     0.31628,    15.19502
   00:028.500,     5.05063,     0.31432,    15.17081
   00:028.520,     5.07401,     0.31057,    15.15265
   00:028.540,     5.11839,     0.30568,    15.13448
   00:028.560,     5.17011,     0.30225,    15.09816
   00:028.580,     5.20995,     0.29257,    15.03762
   00:028.600,     5.23514,     0.27814,    15.01340
   00:028.620,     5.25506,     0.27192,    14.97708
   00:028.640,     5.26725,     0.27560,    14.97102
   00:028.660,     5.27776,     0.27683,    14.95891
   00:028.680,     5.29307,     0.27098,    14.95286
   00:028.700,     5.30961,     0.26153,    14.91653
   00:028.720,     5.32698,     0.24658,    14.90443
   00:028.740,     5.34331,     0.22848,    14.88626
   00:028.760,     5.36118,     0.21154,    14.86810
   00:028.780,     5.37619,     0.19038,    14.83783
   00:028.800,     5.38837,     0.15527,    14.81967
   00:028.820,     5.40031,     0.11360,    14.80756
   00:028.840,     5.41019,     0.11747,    14.80756
   00:028.860,     5.42201,     0.16178,    14.77123
   00:028.880,     5.43754,     0.19848,    14.75913
   00:028.900,     5.45016,     0.21247,    14.74702
   00:028.920,     5.46131,     0.20654,    14.71675
   00:028.940,     5.47841,     0.19261,    14.71069
   00:028.960,     5.49802,     0.17774,    14.69859
   00:028.980,     5.51806,     0.15922,    14.67437
   00:029.000,     5.53543,     0.13555,    14.64410
   00:029.020,     5.54736,     0.12197,    14.61383
   00:029.040,     5.55758,     0.12840,    14.58961
   00:029.060,     5.57062,     0.14297,    14.58961
   00:029.080,     5.58823,     0.13928,    14.57750
   00:029.100,     5.61037,     0.10471,    14.53512
   00:029.120,     5.63039,     0.00000,    14.51696
   00:029.140,     5.64545,     0.00000,    14.48064
   00:029.160,     5.65458,     0.00000,    14.45037
   00:029.180,     5.65570,     0.00000,    14.45642
   00:029.200,     5.64904,     0.00000,    14.45642
   00:029.220,     5.64706,    -0.13200,    14.45642
   00:029.240,     5.64824,    -0.15927,    14.47458
   00:029.260,     5.65242,    -0.16863,    14.46853
   00:029.280,     5.65669,    -0.16986,    14.44431
   00:029.300,     5.66359,    -0.17922,    14.43220
   00:029.320,     5.67372,    -0.20140,    14.42009
   00:029.340,     5.68395,    -0.23599,    14.42009
   00:029.360,     5.69599,    -0.27496,    14.42009
   00:029.380,     5.70469,    -0.30739,    14.38377
   00:029.400,     5.71568,    -0.32786,    14.37166
   00:029.420,     5.73446,    -0.33914,    14.35350
   00:029.440,     5.75015,    -0.33597,    14.32928
   00:029.460,     5.76168,    -0.31730,    14.29296
   00:029.480,     5.76715,    -0.29896,    14.29901
   00:029.500,     5.76572,    -0.30201,    14.27480
   00:029.520,     5.75989,    -0.32377,    14.27480
   00:029.540,     5.75632,    -0.34428,    14.27480
   00:029.560,     5.75702,    -0.36115,    14.26874
   00:029.580,     5.75731,    -0.38218,    14.26269
   00:029.600,     5.75477,    -0.40161,    14.27480
   00:029.620,     5.74257,    -0.41482,    14.26874
   00:029.640,     5.66418,    -0.42700,    14.25058
   00:029.660,     5.38838,    -0.44462,    14.33534
   00:029.680,     4.82952,    -0.44050,    14.58961
   00:029.700,     4.14992,    -0.39479,    15.11632
   00:029.720,     3.61720,    -0.34183,    15.80044
   00:029.740,     3.17330,    -0.32107,    16.46639
   00:029.760,     2.59518,    -0.32895,    17.03548
   00:029.780,     1.94752,    -0.34978,    17.65301
   00:029.800,     1.42931,    -0.37242,    18.35529
   00:029.820,     1.08232,    -0.38937,    18.97281
   00:029.840,     0.85445,    -0.39970,    19.43292
   00:029.860,     0.70375,    -0.40009,    19.74774
   00:029.880,     0.60507,    -0.38860,    19.95358
   00:029.900,     0.54120,    -0.36905,    20.13520
   00:029.920,     0.49766,    -0.36249,    20.21996
   00:029.940,     0.46644,    -0.37961,    20.28050
   00:029.960,     0.44257,    -0.39317,    20.31077
   00:029.980,     0.42691,    -0.38802,    20.35315
   00:030.000,     0.41637,    -0.37328,    20.37737
   00:030.020,     0.40688,    -0.36118,    20.38342
   00:030.040,     0.39858,    -0.35711,    20.40159
   00:030.060,     0.39314,    -0.36271,    20.41369
   00:030.080,     0.38874,    -0.37843,    20.42580
   00:030.100,     0.38363,    -0.39764,    20.42580
   00:030.120,     0.38011,    -0.41610,    20.41369
   00:030.140,     0.37720,    -0.43096,    20.40159
   00:030.160,     0.37452,    -0.43543,    20.41369
   00:030.180,     0.37340,    -0.42805,    20.41369
   00:030.200,     0.37093,    -0.40947,    20.40159
   00:030.220,     0.36714,    -0.38508,    20.40159
   00:030.240,     0.36562,    -0.35810,    20.38948
   00:030.260,     0.36585,    -0.33023,    20.38948
   00:030.280,     0.36356,    -0.30188,    20.38948
   00:030.300,     0.35953,    -0.27143,    20.38948
   00:030.320,     0.35913,    -0.24291,    20.40159
   00:030.340,     0.35947,    -0.22224,    20.37737
   00:030.360,     0.35816,    -0.21731,    20.35921
   00:030.380,     0.35650,    -0.23220,    20.38948
   00:030.400,     0.35605,    -0.26027,    20.36526
   00:030.420,     0.35449,    -0.29554,    20.35921
   00:030.440,     0.35251,    -0.31570,    20.37737
   00:030.460,     0.35238,    -0.29284,    20.36526
   00:030.480,     0.35265,    -0.23770,    20.37737
   00:030.500,     0.35313,    -0.17685,    20.37737
   00:030.520,     0.35176,    -0.08093,    20.36526
   00:030.540,     0.34897,     0.00000,    20.36526
   00:030.560,     0.34886,     0.00000,    20.35921
   00:030.580,     0.34897,     0.00000,    20.37737
   00:030.600,     0.34789,     0.00000,    20.37737
   00:030.620,     0.34692,     0.00000,    20.34710
   00:030.640,     0.34605,    -0.11357,    20.34710
   00:030.660,     0.34540,    -0.13270,    20.36526
   00:030.680,     0.34589,    -0.13081,    20.37737
   00:030.700,     0.34595,    -0.10467,    20.35315
   00:030.720,     0.34497,     0.00000,    20.36526
   00:030.740,     0.34410,     0.00000,    20.37131
   00:030.760,     0.34461,     0.00000,    20.35921
   00:030.780,     0.34355,     0.00000,    20.36526
   00:030.800,     0.34270,     0.12066,    20.36526
   00:030.820,     0.34311,     0.14968,    20.35315
   00:030.840,     0.34294,     0.17733,    20.35921
   00:030.860,     0.34202,     0.19375,    20.36526
   00:030.880,     0.34165,     0.19760,    20.35315
   00:030.900,     0.34124,     0.19854,    20.36526
   00:030.920,     0.34123,     0.20112,    20.36526
   00:030.940,     0.34164,     0.20856,    20.35315
   00:030.960,     0.34109,     0.21868,    20.36526
   00:030.980,     0.34029,     0.22786,    20.35921
   00:031.000,     0.34108,     0.23568,    20.36526
   00:031.020,     0.34301,     0.24409,    20.36526
   00:031.040,     0.34363,     0.25478,    20.38342
   00:031.060,     0.34326,     0.26609,    20.37737
   00:031.080,     0.34304,     0.27664,    20.35315
   00:031.100,     0.34265,     0.29090,    20.35921
   00:031.120,     0.34270,     0.30804,    20.37737
   00:031.140,     0.34240,     0.32265,    20.35315
   00:031.160,     0.34073,     0.32483,    20.35921
   00:031.180,     0.33789,     0.31357,    20.36526
   00:031.200,     0.33792,     0.29566,    20.37737
   00:031.220,     0.33945,     0.27420,    20.37737
   00:031.240,     0.33782,     0.25212,    20.36526
   00:031.260,     0.33839,     0.23947,    20.38948
   00:031.280,     0.34047,     0.24310,    20.38948
   00:031.300,     0.33998,     0.25493,    20.36526
   00:031.320,     0.33885,     0.26130,    20.36526
   00:031.340,     0.33941,     0.28333,    20.35315
   00:031.360,     0.33934,     0.33887,    20.37737
   00:031.380,     0.33719,     0.39154,    20.36526
   00:031.400,     0.33742,     0.41209,    20.37131
   00:031.420,     0.33818,     0.40288,    20.38342
   00:031.440,     0.33904,     0.38191,    20.37737
   00:031.460,     0.33976,     0.35813,    20.36526
   00:031.480,     0.34150,     0.34005,    20.37737
   00:031.500,     0.34236,     0.33123,    20.38948
   00:031.520,     0.34466,     0.33477,    20.37737
   00:031.540,     0.34767,     0.35359,    20.36526
   00:031.560,     0.35124,     0.38230,    20.38948
   00:031.580,     0.35673,     0.39973,    20.37737
   00:031.600,     0.36662,     0.39562,    20.36526
   00:031.620,     0.38222,     0.38680,    20.36526
   00:031.640,     0.40609,     0.38669,    20.35315
   00:031.660,     0.45126,     0.39246,    20.32894
   00:031.680,     0.54621,     0.39787,    20.28656
   00:031.700,     0.70526,     0.39922,    20.18364
   00:031.720,     0.91561,     0.39474,    20.01412
   00:031.740,     1.15433,     0.38369,    19.80223
   00:031.760,     1.41351,     0.37278,    19.52374
   00:031.780,     1.68454,     0.36777,    19.22708
   00:031.800,     1.94173,     0.35510,    18.90621
   00:031.820,     2.16522,     0.33649,    18.60956
   00:031.840,     2.36448,     0.32284,    18.32502
   00:031.860,     2.57406,     0.31551,    18.08285
   00:031.880,     2.81908,     0.30893,    17.83463
   00:031.900,     3.11880,     0.30077,    17.54403
   00:031.920,     3.46810,     0.29116,    17.19289
   00:031.940,     3.78199,     0.27735,    16.81753
   00:031.960,     3.99654,     0.26868,    16.50272
   00:031.980,     4.13979,     0.26609,    16.22423
   00:032.000,     4.27106,     0.25682,    16.05471
   00:032.020,     4.39963,     0.24079,    15.88520
   00:032.040,     4.52292,     0.22330,    15.75201
   00:032.060,     4.66128,     0.20283,    15.63698
   00:032.080,     4.81244,     0.18203,    15.49773
   00:032.100,     4.95154,     0.16830,    15.31611
   00:032.120,     5.06238,     0.15881,    15.15870
   00:032.140,     5.14378,     0.13977,    15.03762
   00:032.160,     5.20292,     0.09841,    14.93470
   00:032.180,     5.24806,     0.00000,    14.86810
   00:032.200,     5.28348,     0.11454,    14.83783
   00:032.220,     5.31488,     0.15949,    14.79545
   00:032.240,     5.34389,     0.18371,    14.76518
   00:032.260,     5.36926,     0.19014,    14.74702
   00:032.280,     5.39279,     0.18377,    14.71675
   00:032.300,     5.41503,     0.16949,    14.71069
   00:032.320,     5.44246,     0.15354,    14.67437
   00:032.340,     5.47363,     0.13689,    14.63804
   00:032.360,     5.49838,     0.12343,    14.61383
   00:032.380,     5.51654,     0.11969,    14.61383
   00:032.400,     5.53643,     0.13206,    14.55934
   00:032.420,     5.55582,     0.14590,    14.54723
   00:032.440,     5.57645,     0.13787,    14.51091
   00:032.460,     5.59800,     0.11970,    14.48669
   00:032.480,     5.61766,     0.11642,    14.49274
   00:032.500,     5.63744,     0.12114,    14.45642
   00:032.520,     5.65439,     0.11480,    14.43220
   00:032.540,     5.66581,     0.10074,    14.40799
   00:032.560,     5.67742,     0.07723,    14.39588
   00:032.580,     5.68964,     0.00000,    14.38377
   00:032.600,     5.70355,     0.00000,    14.38377
   00:032.620,     5.71342,     0.00000,    14.34745
   00:032.640,     5.72181,     0.00000,    14.32928
   00:032.660,     5.73264,     0.00000,    14.32928
   00:032.680,     5.74041,    -0.11845,    14.32928
   00:032.700,     5.74853,    -0.14747,    14.32323
   00:032.720,     5.75896,    -0.18037,    14.29901
   00:032.740,     5.75813,    -0.22475,    14.28690
   00:032.760,     5.75526,    -0.28505,    14.28085
   00:032.780,     5.75432,    -0.34728,    14.30507
   00:032.800,     5.75682,    -0.39050,    14.28690
   00:032.820,     5.76244,    -0.41349,    14.27480
   00:032.840,     5.76688,    -0.43052,    14.29901
   00:032.860,     5.76831,    -0.45026,    14.26269
   00:032.880,     5.76643,    -0.46861,    14.27480
   00:032.900,     5.76123,    -0.48233,    14.27480
   00:032.920,     5.75612,    -0.49528,    14.27480
   00:032.940,     5.75431,    -0.50574,    14.27480
   00:032.960,     5.75669,    -0.50601,    14.27480
   00:032.980,     5.76286,    -0.49528,    14.29296
   00:033.000,     5.76750,    -0.48657,    14.26269
   00:033.020,     5.76872,    -0.49133,    14.25058
   00:033.040,     5.77072,    -0.47880,    14.25058
   00:033.060,     5.76257,    -0.42820,    14.25058
   00:033.080,     5.69031,    -0.37392,    14.24452
   00:033.100,     5.45837,    -0.34954,    14.30507
   00:033.120,     4.94922,    -0.35942,    14.51696
   00:033.140,     4.23823,    -0.38495,    14.97102
   00:033.160,     3.67217,    -0.41059,    15.63092
   00:033.180,     3.43845,    -0.42831,    16.27266
   00:033.200,     3.36652,    -0.43162,    16.70251
   00:033.220,     3.08966,    -0.42044,    16.93862
   00:033.240,     2.49180,    -0.40005,    17.22922
   00:033.260,     1.84413,    -0.37774,    17.78014
   00:033.280,     1.35847,    -0.37330,    18.46426
   00:033.300,     1.03683,    -0.38907,    19.08178
   00:033.320,     0.82245,    -0.40186,    19.50557
   00:033.340,     0.68078,    -0.40329,    19.80828
   00:033.360,     0.58904,    -0.39902,    20.00201
   00:033.380,     0.52856,    -0.39179,    20.14731
   00:033.400,     0.48718,    -0.38668,    20.21996
   00:033.420,     0.45844,    -0.39165,    20.25629
   00:033.440,     0.43803,    -0.40308,    20.30472
   00:033.460,     0.42276,    -0.41088,    20.34104
   00:033.480,     0.41127,    -0.41334,    20.36526
   00:033.500,     0.40440,    -0.41468,    20.37737
   00:033.520,     0.39783,    -0.42104,    20.38342
   00:033.540,     0.39270,    -0.43348,    20.39553
   00:033.560,     0.38595,    -0.44286,    20.38948
   00:033.580,     0.38098,    -0.44414,    20.40764
   00:033.600,     0.37944,    -0.43886,    20.40159
   00:033.620,     0.37606,    -0.42698,    20.38948
   00:033.640,     0.37298,    -0.40757,    20.39553
   00:033.660,     0.37004,    -0.38718,    20.39553
   00:033.680,     0.36686,    -0.37660,    20.37737
   00:033.700,     0.36454,    -0.37887,    20.37737
   00:033.720,     0.36306,    -0.38307,    20.38342
   00:033.740,     0.36265,    -0.38240,    20.38948
   00:033.760,     0.36190,    -0.37986,    20.38342
   00:033.780,     0.35996,    -0.37910,    20.35315
   00:033.800,     0.35763,    -0.37226,    20.35315
   00:033.820,     0.35628,    -0.34679,    20.36526
   00:033.840,     0.35515,    -0.31163,    20.35921
   00:033.860,     0.35427,    -0.27367,    20.35921
   00:033.880,     0.35415,    -0.20890,    20.35315
   00:033.900,     0.35375,    -0.11362,    20.36526
   00:033.920,     0.35124,     0.00000,    20.36526
   00:033.940,     0.35029,     0.00000,    20.34104
   00:033.960,     0.35063,    -0.12834,    20.35315
   00:033.980,     0.34990,    -0.13857,    20.34104
   00:034.000,     0.34846,    -0.12916,    20.35315
   00:034.020,     0.34822,    -0.11274,    20.35315
   00:034.040,     0.34742,    -0.08215,    20.35921
   00:034.060,     0.34736,     0.00000,    20.35921
   00:034.080,     0.34830,     0.00000,    20.32894
   00:034.100,     0.34713,     0.00000,    20.34710
   00:034.120,     0.34594,     0.00000,    20.35315
   00:034.140,     0.34603,     0.00000,    20.34710
   00:034.160,     0.34589,     0.00000,    20.34104
   00:034.180,     0.34449,     0.09600,    20.33499
<WFATester Table End>
