<WFATester Graph 1.00 4,0.000,60.000,0,-10.000,10.000,-10.000,10.000,0,0.000,100.000,0.000,100.000>
<WFATester Table 1.00  1770,4,0,12,5,t,1,12,5,f,2,12,5,f,5,12,5,f>
        Temps,        CO2%,        Flow,         O2%
   00:000.000,     0.00000,     0.00000,    20.57387
   00:000.020,     0.00000,     0.00000,    20.57387
   00:000.040,     0.00000,     0.00000,    20.57958
   00:000.060,     0.00000,     0.00000,    20.56816
   00:000.080,     0.00000,     0.00000,    20.56816
   00:000.100,     0.00000,     0.00000,    20.57387
   00:000.120,     0.55257,     0.00000,    20.56816
   00:000.140,     0.55389,     0.00000,    20.56244
   00:000.160,     0.55139,     0.00000,    20.58530
   00:000.180,     0.54992,     0.00000,    20.57958
   00:000.200,     0.55168,     0.00000,    20.55673
   00:000.220,     0.55485,     0.00000,    20.54530
   00:000.240,     0.55398,     0.00000,    20.56816
   00:000.260,     0.55476,     0.00000,    20.56816
   00:000.280,     0.55505,     0.00000,    20.56244
   00:000.300,     0.55589,     0.00000,    20.55673
   00:000.320,     0.55613,     0.00000,    20.56816
   00:000.340,     0.55690,     0.00000,    20.55673
   00:000.360,     0.55788,     0.00000,    20.55673
   00:000.380,     0.55851,     0.00000,    20.57958
   00:000.400,     0.55845,     0.00000,    20.56816
   00:000.420,     0.55839,     0.00000,    20.56244
   00:000.440,     0.55860,     0.00000,    20.57387
   00:000.460,     0.55908,     0.00000,    20.55673
   00:000.480,     0.55818,     0.00000,    20.55673
   00:000.500,     0.55848,     0.00000,    20.55673
   00:000.520,     0.55930,     0.00000,    20.55673
   00:000.540,     0.56012,     0.00000,    20.55673
   00:000.560,     0.56184,     0.00000,    20.55673
   00:000.580,     0.56034,     0.00000,    20.57387
   00:000.600,     0.56014,     0.00000,    20.56244
   00:000.620,     0.56096,     0.00000,    20.56816
   00:000.640,     0.56114,     0.00000,    20.56816
   00:000.660,     0.55891,     0.00000,    20.56244
   00:000.680,     0.55766,     0.00000,    20.55673
   00:000.700,     0.55852,     0.00000,    20.55673
   00:000.720,     0.55938,     0.00000,    20.56816
   00:000.740,     0.56112,     0.00000,    20.55673
   00:000.760,     0.56180,     0.00000,    20.56816
   00:000.780,     0.56048,     0.00000,    20.56816
   00:000.800,     0.56027,     0.00000,    20.55673
   00:000.820,     0.56139,     0.00000,    20.55673
   00:000.840,     0.56140,     0.00000,    20.55673
   00:000.860,     0.56198,     0.00000,    20.57958
   00:000.880,     0.56200,     0.00000,    20.56816
   00:000.900,     0.55911,     0.00000,    20.57958
   00:000.920,     0.55986,     0.00000,    20.55673
   00:000.940,     0.56229,     0.00000,    20.55673
   00:000.960,     0.56169,     0.00000,    20.56816
   00:000.980,     0.56101,     0.00000,    20.56244
   00:001.000,     0.56201,     0.00000,    20.55673
   00:001.020,     0.56174,     0.00000,    20.56244
   00:001.040,     0.56213,     0.00000,    20.55673
   00:001.060,     0.56245,     0.00000,    20.56244
   00:001.080,     0.56105,     0.00000,    20.55673
   00:001.100,     0.56150,     0.10348,    20.55673
   00:001.120,     0.56303,     0.12168,    20.56244
   00:001.140,     0.56343,     0.14596,    20.57387
   00:001.160,     0.56275,     0.18128,    20.56244
   00:001.180,     0.56167,     0.21749,    20.56244
   00:001.200,     0.56253,     0.23838,    20.56816
   00:001.220,     0.56284,     0.22720,    20.55673
   00:001.240,     0.56405,     0.20473,    20.56244
   00:001.260,     0.56364,     0.20499,    20.55673
   00:001.280,     0.56262,     0.20021,    20.55673
   00:001.300,     0.56224,     0.17385,    20.56244
   00:001.320,     0.56328,     0.14485,    20.55673
   00:001.340,     0.56345,     0.11979,    20.56816
   00:001.360,     0.56200,     0.10115,    20.55673
   00:001.380,     0.56343,     0.08128,    20.56244
   00:001.400,     0.56317,     0.00000,    20.56816
   00:001.420,     0.56234,     0.07992,    20.55673
   00:001.440,     0.56287,     0.00000,    20.55673
   00:001.460,     0.56300,     0.00000,    20.55673
   00:001.480,     0.56183,     0.00000,    20.55673
   00:001.500,     0.56172,     0.00000,    20.55673
   00:001.520,     0.56302,     0.00000,    20.57387
   00:001.540,     0.56318,     0.00000,    20.56816
   00:001.560,     0.56271,     0.00000,    20.56816
   00:001.580,     0.56477,     0.00000,    20.56816
   00:001.600,     0.56974,     0.00000,    20.55673
   00:001.620,     0.57387,     0.00000,    20.55673
   00:001.640,     0.58174,     0.00000,    20.55673
   00:001.660,     0.60580,     0.00000,    20.55673
   00:001.680,     0.64631,     0.00000,    20.53387
   00:001.700,     0.68457,     0.00000,    20.49959
   00:001.720,     0.70110,     0.00000,    20.45388
   00:001.740,     0.69934,     0.00000,    20.44245
   00:001.760,     0.69716,     0.00000,    20.43102
   00:001.780,     0.69842,     0.00000,    20.44816
   00:001.800,     0.69965,     0.00000,    20.44245
   00:001.820,     0.69784,     0.00000,    20.44816
   00:001.840,     0.69693,     0.00000,    20.44245
   00:001.860,     0.70031,     0.00000,    20.44245
   00:001.880,     0.70648,    -0.13607,    20.44816
   00:001.900,     0.72022,    -0.15174,    20.43102
   00:001.920,     0.73985,    -0.15678,    20.44245
   00:001.940,     0.75967,    -0.12931,    20.41388
   00:001.960,     0.77492,    -0.07895,    20.40816
   00:001.980,     0.78540,     0.00000,    20.39674
   00:002.000,     0.78328,     0.00000,    20.38531
   00:002.020,     0.76934,     0.00000,    20.37959
   00:002.040,     0.75540,    -0.14519,    20.38531
   00:002.060,     0.74478,    -0.19967,    20.39674
   00:002.080,     0.73530,    -0.28830,    20.40245
   00:002.100,     0.72940,    -0.35913,    20.40816
   00:002.120,     0.72527,    -0.36080,    20.40816
   00:002.140,     0.71859,    -0.31517,    20.41959
   00:002.160,     0.71113,    -0.27344,    20.44245
   00:002.180,     0.70486,    -0.26800,    20.43102
   00:002.200,     0.70003,    -0.28347,    20.45388
   00:002.220,     0.69641,    -0.28846,    20.44245
   00:002.240,     0.69314,    -0.28238,    20.44816
   00:002.260,     0.69284,    -0.28006,    20.46530
   00:002.280,     0.69429,    -0.28869,    20.46530
   00:002.300,     0.69358,    -0.30979,    20.44816
   00:002.320,     0.69177,    -0.30845,    20.46530
   00:002.340,     0.68874,    -0.26227,    20.44816
   00:002.360,     0.68327,    -0.22098,    20.46530
   00:002.380,     0.67408,    -0.22580,    20.46530
   00:002.400,     0.66197,    -0.21735,    20.47673
   00:002.420,     0.64779,    -0.15971,    20.47102
   00:002.440,     0.63663,    -0.10535,    20.48816
   00:002.460,     0.62992,    -0.09769,    20.51102
   00:002.480,     0.62593,    -0.09702,    20.49387
   00:002.500,     0.62740,    -0.09127,    20.51102
   00:002.520,     0.63164,     0.00000,    20.51102
   00:002.540,     0.63427,     0.00000,    20.52244
   00:002.560,     0.63245,     0.00000,    20.50530
   00:002.580,     0.62688,     0.00000,    20.48816
   00:002.600,     0.62124,    -0.12928,    20.51102
   00:002.620,     0.61640,    -0.10453,    20.51673
   00:002.640,     0.61402,    -0.09897,    20.52244
   00:002.660,     0.61542,    -0.17052,    20.51102
   00:002.680,     0.61774,    -0.21997,    20.51673
   00:002.700,     0.61738,    -0.25553,    20.51102
   00:002.720,     0.61518,    -0.31600,    20.52244
   00:002.740,     0.61459,    -0.39371,    20.51673
   00:002.760,     0.61429,    -0.45175,    20.51102
   00:002.780,     0.61048,    -0.45992,    20.51673
   00:002.800,     0.60602,    -0.42586,    20.51102
   00:002.820,     0.60048,    -0.39408,    20.51102
   00:002.840,     0.59467,    -0.38757,    20.52244
   00:002.860,     0.59075,    -0.38804,    20.53387
   00:002.880,     0.59086,    -0.38875,    20.53387
   00:002.900,     0.59214,    -0.40000,    20.53387
   00:002.920,     0.58819,    -0.41207,    20.55673
   00:002.940,     0.58121,    -0.41577,    20.55673
   00:002.960,     0.57754,    -0.42693,    20.53959
   00:002.980,     0.57750,    -0.46017,    20.55673
   00:003.000,     0.58013,    -0.49137,    20.55673
   00:003.020,     0.58550,    -0.50860,    20.53959
   00:003.040,     0.59267,    -0.50938,    20.55673
   00:003.060,     0.59856,    -0.49481,    20.53387
   00:003.080,     0.60355,    -0.45870,    20.53959
   00:003.100,     0.60814,    -0.39243,    20.53387
   00:003.120,     0.61220,    -0.31473,    20.51673
   00:003.140,     0.61395,    -0.24792,    20.52244
   00:003.160,     0.61340,    -0.20524,    20.52816
   00:003.180,     0.60856,    -0.20855,    20.52244
   00:003.200,     0.59723,    -0.24787,    20.52244
   00:003.220,     0.58456,    -0.28998,    20.52816
   00:003.240,     0.57696,    -0.32135,    20.55673
   00:003.260,     0.57209,    -0.33969,    20.55673
   00:003.280,     0.56983,    -0.34754,    20.55673
   00:003.300,     0.56696,    -0.36093,    20.54530
   00:003.320,     0.56381,    -0.38558,    20.55673
   00:003.340,     0.56245,    -0.40316,    20.56816
   00:003.360,     0.55957,    -0.42429,    20.56244
   00:003.380,     0.55782,    -0.46467,    20.55673
   00:003.400,     0.55865,    -0.50269,    20.55673
   00:003.420,     0.55776,    -0.52658,    20.55673
   00:003.440,     0.55703,    -0.54972,    20.56244
   00:003.460,     0.55730,    -0.60124,    20.55673
   00:003.480,     0.55714,    -0.66007,    20.56816
   00:003.500,     0.55736,    -0.70310,    20.57958
   00:003.520,     0.55729,    -0.73450,    20.57387
   00:003.540,     0.55638,    -0.76496,    20.57387
   00:003.560,     0.55617,    -0.79991,    20.57387
   00:003.580,     0.55658,    -0.82949,    20.56244
   00:003.600,     0.55836,    -0.84593,    20.56244
   00:003.620,     0.56235,    -0.85648,    20.55673
   00:003.640,     0.56661,    -0.87002,    20.56816
   00:003.660,     0.56879,    -0.88031,    20.57958
   00:003.680,     0.56983,    -0.87455,    20.55673
   00:003.700,     0.57112,    -0.85595,    20.55673
   00:003.720,     0.57040,    -0.84600,    20.56244
   00:003.740,     0.56870,    -0.85907,    20.56816
   00:003.760,     0.56719,    -0.86973,    20.57387
   00:003.780,     0.56568,    -0.85050,    20.56816
   00:003.800,     0.56392,    -0.80511,    20.55673
   00:003.820,     0.56269,    -0.75998,    20.56816
   00:003.840,     0.56118,    -0.71754,    20.57958
   00:003.860,     0.56173,    -0.64744,    20.55673
   00:003.880,     0.56121,    -0.52388,    20.57387
   00:003.900,     0.55901,    -0.34242,    20.56816
   00:003.920,     0.55685,     0.00000,    20.55673
   00:003.940,     0.55710,     0.26514,    20.55673
   00:003.960,     0.56179,     0.39575,    20.57958
   00:003.980,     0.56473,     0.53124,    20.56816
   00:004.000,     0.56363,     0.63774,    20.55673
   00:004.020,     0.56362,     0.70984,    20.56816
   00:004.040,     0.56570,     0.75451,    20.57958
   00:004.060,     0.56849,     0.78372,    20.56816
   00:004.080,     0.57150,     0.80860,    20.56244
   00:004.100,     0.57561,     0.83185,    20.57958
   00:004.120,     0.57724,     0.85433,    20.57387
   00:004.140,     0.57365,     0.87326,    20.54530
   00:004.160,     0.56938,     0.88456,    20.55673
   00:004.180,     0.56808,     0.90557,    20.57958
   00:004.200,     0.56672,     0.92964,    20.55673
   00:004.220,     0.56504,     0.94853,    20.56816
   00:004.240,     0.56267,     0.97943,    20.57958
   00:004.260,     0.56177,     1.01104,    20.56816
   00:004.280,     0.56283,     1.04029,    20.56244
   00:004.300,     0.56350,     1.07019,    20.55673
   00:004.320,     0.56764,     1.09095,    20.56816
   00:004.340,     0.57387,     1.11064,    20.57958
   00:004.360,     0.57514,     1.13787,    20.57958
   00:004.380,     0.57411,     1.15895,    20.55673
   00:004.400,     0.57247,     1.16136,    20.56244
   00:004.420,     0.57143,     1.15895,    20.55673
   00:004.440,     0.56998,     1.17116,    20.56816
   00:004.460,     0.56905,     1.20283,    20.56816
   00:004.480,     0.56990,     1.24114,    20.56244
   00:004.500,     0.57168,     1.26830,    20.56816
   00:004.520,     0.57463,     1.28207,    20.57387
   00:004.540,     0.57659,     1.27921,    20.56244
   00:004.560,     0.58407,     1.25919,    20.57387
   00:004.580,     0.60897,     1.24358,    20.55673
   00:004.600,     0.67797,     1.23766,    20.53959
   00:004.620,     0.81746,     1.23374,    20.49959
   00:004.640,     1.03350,     1.22533,    20.39102
   00:004.660,     1.31181,     1.20783,    20.23674
   00:004.680,     1.62476,     1.19812,    20.02533
   00:004.700,     1.94315,     1.18079,    19.74534
   00:004.720,     2.24584,     1.14475,    19.47679
   00:004.740,     2.52354,     1.11972,    19.23109
   00:004.760,     2.77347,     1.10002,    19.00253
   00:004.780,     2.99274,     1.07974,    18.78540
   00:004.800,     3.18189,     1.06318,    18.59112
   00:004.820,     3.34307,     1.03852,    18.44256
   00:004.840,     3.47898,     1.01723,    18.30542
   00:004.860,     3.59702,     0.99722,    18.20257
   00:004.880,     3.69928,     0.97091,    18.08829
   00:004.900,     3.78568,     0.94218,    18.00258
   00:004.920,     3.86229,     0.91115,    17.93401
   00:004.940,     3.93363,     0.88385,    17.86545
   00:004.960,     3.99811,     0.86600,    17.79116
   00:004.980,     4.05755,     0.84323,    17.74545
   00:005.000,     4.11214,     0.81453,    17.67688
   00:005.020,     4.16491,     0.78629,    17.61974
   00:005.040,     4.21865,     0.76693,    17.57403
   00:005.060,     4.26809,     0.75080,    17.53975
   00:005.080,     4.31602,     0.73315,    17.45975
   00:005.100,     4.36785,     0.71345,    17.42547
   00:005.120,     4.41909,     0.69817,    17.37404
   00:005.140,     4.46767,     0.68424,    17.31119
   00:005.160,     4.51251,     0.65830,    17.27119
   00:005.180,     4.55556,     0.63190,    17.21977
   00:005.200,     4.59567,     0.62560,    17.17405
   00:005.220,     4.63308,     0.62445,    17.11691
   00:005.240,     4.66838,     0.61147,    17.08263
   00:005.260,     4.70032,     0.59801,    17.05406
   00:005.280,     4.72952,     0.59314,    17.02549
   00:005.300,     4.75651,     0.59143,    16.97978
   00:005.320,     4.78063,     0.58543,    16.95692
   00:005.340,     4.80730,     0.57166,    16.93407
   00:005.360,     4.83274,     0.55781,    16.90550
   00:005.380,     4.85282,     0.54975,    16.87693
   00:005.400,     4.87110,     0.54272,    16.85979
   00:005.420,     4.89030,     0.53345,    16.83122
   00:005.440,     4.90682,     0.52160,    16.81407
   00:005.460,     4.92018,     0.50556,    16.79122
   00:005.480,     4.93602,     0.49460,    16.77408
   00:005.500,     4.95216,     0.48586,    16.75693
   00:005.520,     4.96611,     0.47620,    16.76265
   00:005.540,     4.97821,     0.46812,    16.72836
   00:005.560,     4.99153,     0.45799,    16.72265
   00:005.580,     5.00234,     0.44603,    16.71694
   00:005.600,     5.01368,     0.43153,    16.69408
   00:005.620,     5.02808,     0.42020,    16.68265
   00:005.640,     5.03921,     0.41527,    16.64837
   00:005.660,     5.05058,     0.40888,    16.65980
   00:005.680,     5.06234,     0.40429,    16.63694
   00:005.700,     5.07372,     0.39771,    16.62551
   00:005.720,     5.08189,     0.38603,    16.60837
   00:005.740,     5.09094,     0.37822,    16.59123
   00:005.760,     5.10413,     0.37123,    16.57980
   00:005.780,     5.11333,     0.36110,    16.56266
   00:005.800,     5.12175,     0.35147,    16.54552
   00:005.820,     5.13110,     0.34466,    16.53409
   00:005.840,     5.13974,     0.33701,    16.51695
   00:005.860,     5.14964,     0.32693,    16.51123
   00:005.880,     5.16253,     0.31032,    16.49981
   00:005.900,     5.17153,     0.29818,    16.49409
   00:005.920,     5.17783,     0.29430,    16.47695
   00:005.940,     5.18728,     0.28649,    16.45981
   00:005.960,     5.19942,     0.27132,    16.44267
   00:005.980,     5.21006,     0.24756,    16.43124
   00:006.000,     5.21740,     0.21888,    16.40838
   00:006.020,     5.22817,     0.18705,    16.39695
   00:006.040,     5.24212,     0.14063,    16.37981
   00:006.060,     5.25223,     0.00000,    16.35696
   00:006.080,     5.26461,     0.00000,    16.36267
   00:006.100,     5.27690,    -0.20073,    16.33981
   00:006.120,     5.28716,    -0.29108,    16.31696
   00:006.140,     5.29436,    -0.38760,    16.30553
   00:006.160,     5.30855,    -0.48040,    16.28267
   00:006.180,     5.32226,    -0.56810,    16.27125
   00:006.200,     5.33217,    -0.64391,    16.26553
   00:006.220,     5.34541,    -0.70250,    16.24268
   00:006.240,     5.35500,    -0.74515,    16.23125
   00:006.260,     5.36335,    -0.77687,    16.19125
   00:006.280,     5.37337,    -0.80454,    16.19696
   00:006.300,     5.38378,    -0.83184,    16.19125
   00:006.320,     5.39507,    -0.85725,    16.17411
   00:006.340,     5.40653,    -0.87955,    16.15697
   00:006.360,     5.41506,    -0.89430,    16.13411
   00:006.380,     5.42104,    -0.89910,    16.12268
   00:006.400,     5.43073,    -0.90206,    16.12268
   00:006.420,     5.44340,    -0.91021,    16.11126
   00:006.440,     5.45005,    -0.92511,    16.08840
   00:006.460,     5.45530,    -0.94324,    16.08840
   00:006.480,     5.46327,    -0.95670,    16.07697
   00:006.500,     5.46866,    -0.96447,    16.04269
   00:006.520,     5.46949,    -0.96833,    16.05412
   00:006.540,     5.47051,    -0.96485,    16.04840
   00:006.560,     5.46288,    -0.95770,    16.03697
   00:006.580,     5.42969,    -0.95201,    16.03697
   00:006.600,     5.27531,    -0.94902,    16.07697
   00:006.620,     4.76078,    -0.95392,    16.20268
   00:006.640,     3.83345,    -0.96272,    16.60266
   00:006.660,     2.84330,    -0.96581,    17.35690
   00:006.680,     2.07986,    -0.96249,    18.23685
   00:006.700,     1.56998,    -0.95630,    19.01967
   00:006.720,     1.23994,    -0.94702,    19.58535
   00:006.740,     1.02573,    -0.92903,    19.93962
   00:006.760,     0.88758,    -0.90787,    20.14532
   00:006.780,     0.80024,    -0.89219,    20.29388
   00:006.800,     0.74476,    -0.88206,    20.38531
   00:006.820,     0.70381,    -0.87733,    20.44816
   00:006.840,     0.67254,    -0.87760,    20.49959
   00:006.860,     0.64864,    -0.87870,    20.51102
   00:006.880,     0.62907,    -0.87557,    20.53959
   00:006.900,     0.61596,    -0.86333,    20.55673
   00:006.920,     0.60421,    -0.84578,    20.56244
   00:006.940,     0.59441,    -0.83155,    20.56244
   00:006.960,     0.58909,    -0.81807,    20.59101
   00:006.980,     0.58508,    -0.80196,    20.58530
   00:007.000,     0.58034,    -0.79028,    20.57387
   00:007.020,     0.57722,    -0.79250,    20.57958
   00:007.040,     0.57203,    -0.80188,    20.56816
   00:007.060,     0.56758,    -0.80035,    20.56816
   00:007.080,     0.56334,    -0.78119,    20.56816
   00:007.100,     0.55731,    -0.75302,    20.56816
   00:007.120,     0.55299,    -0.72309,    20.55673
   00:007.140,     0.55022,    -0.68821,    20.57958
   00:007.160,     0.54663,    -0.64224,    20.56244
   00:007.180,     0.54390,    -0.58455,    20.56816
   00:007.200,     0.54069,    -0.52065,    20.56816
   00:007.220,     0.53981,    -0.45138,    20.56244
   00:007.240,     0.53868,    -0.36122,    20.55673
   00:007.260,     0.53749,    -0.24988,    20.56816
   00:007.280,     0.53725,    -0.12342,    20.56816
   00:007.300,     0.53603,     0.00000,    20.56244
   00:007.320,     0.53432,     0.19181,    20.54530
   00:007.340,     0.53413,     0.28226,    20.55673
   00:007.360,     0.53327,     0.38351,    20.56244
   00:007.380,     0.53052,     0.45345,    20.55673
   00:007.400,     0.53010,     0.50491,    20.53387
   00:007.420,     0.52975,     0.55258,    20.55673
   00:007.440,     0.52975,     0.60126,    20.55673
   00:007.460,     0.52895,     0.64801,    20.55673
   00:007.480,     0.52953,     0.68334,    20.55673
   00:007.500,     0.53199,     0.71157,    20.55673
   00:007.520,     0.53350,     0.73749,    20.55673
   00:007.540,     0.53541,     0.75816,    20.53959
   00:007.560,     0.53810,     0.77091,    20.55673
   00:007.580,     0.53721,     0.77942,    20.53959
   00:007.600,     0.53742,     0.80045,    20.54530
   00:007.620,     0.53836,     0.83318,    20.53959
   00:007.640,     0.53665,     0.86056,    20.52816
   00:007.660,     0.53694,     0.87988,    20.55673
   00:007.680,     0.54026,     0.89901,    20.52816
   00:007.700,     0.54509,     0.91450,    20.53387
   00:007.720,     0.55085,     0.91837,    20.54530
   00:007.740,     0.55692,     0.91912,    20.52244
   00:007.760,     0.55994,     0.92151,    20.52244
   00:007.780,     0.55921,     0.91798,    20.53387
   00:007.800,     0.55520,     0.90098,    20.53959
   00:007.820,     0.54946,     0.88407,    20.52244
   00:007.840,     0.54599,     0.87680,    20.53387
   00:007.860,     0.54625,     0.86556,    20.53387
   00:007.880,     0.54454,     0.85370,    20.53959
   00:007.900,     0.54302,     0.84241,    20.55673
   00:007.920,     0.54456,     0.82447,    20.55673
   00:007.940,     0.54873,     0.80737,    20.55673
   00:007.960,     0.55962,     0.78827,    20.53387
   00:007.980,     0.59542,     0.77376,    20.54530
   00:008.000,     0.68614,     0.76116,    20.52816
   00:008.020,     0.85404,     0.74119,    20.44816
   00:008.040,     1.10297,     0.72487,    20.32817
   00:008.060,     1.41680,     0.70627,    20.13389
   00:008.080,     1.76122,     0.68449,    19.88248
   00:008.100,     2.10682,     0.66960,    19.59678
   00:008.120,     2.43278,     0.65338,    19.28823
   00:008.140,     2.72649,     0.63845,    19.00253
   00:008.160,     2.98739,     0.62767,    18.75111
   00:008.180,     3.20720,     0.61561,    18.53398
   00:008.200,     3.39343,     0.59790,    18.32256
   00:008.220,     3.55101,     0.56883,    18.17971
   00:008.240,     3.67922,     0.54962,    18.04258
   00:008.260,     3.78846,     0.54453,    17.95116
   00:008.280,     3.88374,     0.53826,    17.82545
   00:008.300,     3.96806,     0.52467,    17.74545
   00:008.320,     4.03917,     0.50637,    17.67688
   00:008.340,     4.10047,     0.49600,    17.59689
   00:008.360,     4.15714,     0.49153,    17.54546
   00:008.380,     4.20839,     0.47814,    17.47690
   00:008.400,     4.25394,     0.45969,    17.44833
   00:008.420,     4.29727,     0.45349,    17.40261
   00:008.440,     4.33671,     0.45532,    17.35690
   00:008.460,     4.37299,     0.44777,    17.32262
   00:008.480,     4.40501,     0.43525,    17.26548
   00:008.500,     4.43221,     0.42661,    17.23119
   00:008.520,     4.46128,     0.42158,    17.22548
   00:008.540,     4.49237,     0.41629,    17.17977
   00:008.560,     4.52251,     0.41003,    17.13977
   00:008.580,     4.54950,     0.40000,    17.12834
   00:008.600,     4.57792,     0.39111,    17.08263
   00:008.620,     4.60806,     0.38411,    17.06549
   00:008.640,     4.63726,     0.36889,    17.03692
   00:008.660,     4.66544,     0.35021,    17.00264
   00:008.680,     4.69287,     0.35072,    16.97407
   00:008.700,     4.71985,     0.36255,    16.95692
   00:008.720,     4.74811,     0.36480,    16.92264
   00:008.740,     4.77130,     0.35387,    16.87693
   00:008.760,     4.79493,     0.34485,    16.87693
   00:008.780,     4.81940,     0.34255,    16.84264
   00:008.800,     4.84164,     0.33841,    16.81979
   00:008.820,     4.86190,     0.33237,    16.79122
   00:008.840,     4.88170,     0.32976,    16.76265
   00:008.860,     4.90207,     0.32519,    16.75122
   00:008.880,     4.91934,     0.31900,    16.72836
   00:008.900,     4.93772,     0.30880,    16.71694
   00:008.920,     4.95736,     0.29182,    16.67694
   00:008.940,     4.97496,     0.26772,    16.67122
   00:008.960,     4.99414,     0.23884,    16.63694
   00:008.980,     5.00884,     0.20936,    16.62551
   00:009.000,     5.02281,     0.17420,    16.60266
   00:009.020,     5.03887,     0.11653,    16.57980
   00:009.040,     5.05281,     0.00000,    16.57980
   00:009.060,     5.06684,     0.00000,    16.55695
   00:009.080,     5.08426,    -0.18010,    16.53409
   00:009.100,     5.09948,    -0.25912,    16.51123
   00:009.120,     5.11062,    -0.36035,    16.48838
   00:009.140,     5.12595,    -0.46047,    16.48838
   00:009.160,     5.13934,    -0.54524,    16.46552
   00:009.180,     5.15083,    -0.60930,    16.45409
   00:009.200,     5.16407,    -0.65459,    16.44267
   00:009.220,     5.17735,    -0.69779,    16.42552
   00:009.240,     5.19102,    -0.74574,    16.40838
   00:009.260,     5.20160,    -0.79480,    16.37981
   00:009.280,     5.21232,    -0.83848,    16.37410
   00:009.300,     5.22393,    -0.87274,    16.37410
   00:009.320,     5.23263,    -0.89242,    16.35124
   00:009.340,     5.24174,    -0.89725,    16.33981
   00:009.360,     5.25552,    -0.89473,    16.32839
   00:009.380,     5.26683,    -0.89298,    16.31696
   00:009.400,     5.27194,    -0.89359,    16.30553
   00:009.420,     5.27802,    -0.90375,    16.25982
   00:009.440,     5.28871,    -0.92467,    16.26553
   00:009.460,     5.29848,    -0.94428,    16.25982
   00:009.480,     5.30180,    -0.95255,    16.23696
   00:009.500,     5.30877,    -0.95161,    16.23696
   00:009.520,     5.31254,    -0.95011,    16.21982
   00:009.540,     5.30766,    -0.94756,    16.22553
   00:009.560,     5.29020,    -0.94347,    16.22553
   00:009.580,     5.17875,    -0.94291,    16.22553
   00:009.600,     4.76068,    -0.94795,    16.31696
   00:009.620,     3.97484,    -0.95470,    16.64837
   00:009.640,     3.15379,    -0.96226,    17.28262
   00:009.660,     2.62927,    -0.96639,    18.04258
   00:009.680,     2.35467,    -0.96163,    18.61398
   00:009.700,     2.15007,    -0.94893,    18.96824
   00:009.720,     2.00041,    -0.93549,    19.16823
   00:009.740,     1.94423,    -0.92030,    19.32822
   00:009.760,     1.89455,    -0.90653,    19.39108
   00:009.780,     1.73795,    -0.90622,    19.43679
   00:009.800,     1.52027,    -0.91868,    19.55107
   00:009.820,     1.35612,    -0.93534,    19.71677
   00:009.840,     1.29804,    -0.95104,    19.88248
   00:009.860,     1.35025,    -0.96103,    19.96247
   00:009.880,     1.47921,    -0.96450,    19.92819
   00:009.900,     1.60124,    -0.96478,    19.83105
   00:009.920,     1.64673,    -0.96410,    19.74534
   00:009.940,     1.61799,    -0.96148,    19.69963
   00:009.960,     1.53406,    -0.95578,    19.68820
   00:009.980,     1.39094,    -0.94873,    19.75106
   00:010.000,     1.20707,    -0.93829,    19.85962
   00:010.020,     1.02934,    -0.92201,    20.01390
   00:010.040,     0.88913,    -0.90163,    20.14532
   00:010.060,     0.78998,    -0.87923,    20.25960
   00:010.080,     0.72500,    -0.85304,    20.37388
   00:010.100,     0.68107,    -0.81624,    20.42531
   00:010.120,     0.64904,    -0.76146,    20.45388
   00:010.140,     0.62507,    -0.68599,    20.48816
   00:010.160,     0.60688,    -0.57664,    20.49387
   00:010.180,     0.59028,    -0.41331,    20.51673
   00:010.200,     0.57748,    -0.18618,    20.53387
   00:010.220,     0.56979,     0.00000,    20.53959
   00:010.240,     0.56535,     0.35503,    20.53387
   00:010.260,     0.55966,     0.49003,    20.53959
   00:010.280,     0.55391,     0.57994,    20.55673
   00:010.300,     0.55122,     0.63782,    20.55673
   00:010.320,     0.54911,     0.69373,    20.55673
   00:010.340,     0.54526,     0.74866,    20.53387
   00:010.360,     0.54249,     0.79798,    20.56244
   00:010.380,     0.54039,     0.84407,    20.55673
   00:010.400,     0.53891,     0.89245,    20.53959
   00:010.420,     0.53773,     0.94521,    20.53387
   00:010.440,     0.53561,     0.98973,    20.55673
   00:010.460,     0.53713,     1.01120,    20.55673
   00:010.480,     0.53941,     1.01382,    20.55673
   00:010.500,     0.53959,     1.01145,    20.55673
   00:010.520,     0.53939,     1.01135,    20.53959
   00:010.540,     0.53661,     1.01691,    20.52816
   00:010.560,     0.53225,     1.01390,    20.53959
   00:010.580,     0.53095,     0.99684,    20.54530
   00:010.600,     0.53170,     0.97983,    20.55673
   00:010.620,     0.52973,     0.95982,    20.55673
   00:010.640,     0.52697,     0.93047,    20.53959
   00:010.660,     0.52679,     0.90638,    20.55673
   00:010.680,     0.52578,     0.88690,    20.53959
   00:010.700,     0.52515,     0.86532,    20.54530
   00:010.720,     0.52682,     0.83824,    20.55673
   00:010.740,     0.52776,     0.81257,    20.55673
   00:010.760,     0.52754,     0.78233,    20.55673
   00:010.780,     0.52770,     0.75297,    20.55673
   00:010.800,     0.52886,     0.73745,    20.55673
   00:010.820,     0.53324,     0.72125,    20.54530
   00:010.840,     0.54382,     0.70069,    20.55673
   00:010.860,     0.58243,     0.68179,    20.55673
   00:010.880,     0.69058,     0.66220,    20.52816
   00:010.900,     0.89014,     0.64130,    20.44816
   00:010.920,     1.17779,     0.62428,    20.29960
   00:010.940,     1.52557,     0.61301,    20.08247
   00:010.960,     1.89359,     0.59675,    19.78534
   00:010.980,     2.24755,     0.57843,    19.45964
   00:011.000,     2.56822,     0.57484,    19.15109
   00:011.020,     2.84932,     0.56839,    18.86539
   00:011.040,     3.08846,     0.55102,    18.61398
   00:011.060,     3.28636,     0.53383,    18.41399
   00:011.080,     3.44982,     0.52173,    18.23114
   00:011.100,     3.58670,     0.50812,    18.11115
   00:011.120,     3.70053,     0.49657,    17.99687
   00:011.140,     3.79751,     0.48996,    17.88259
   00:011.160,     3.88319,     0.47787,    17.81402
   00:011.180,     3.95803,     0.46655,    17.72260
   00:011.200,     4.02429,     0.45430,    17.65403
   00:011.220,     4.08714,     0.43874,    17.60260
   00:011.240,     4.14250,     0.43585,    17.53975
   00:011.260,     4.19170,     0.44674,    17.48261
   00:011.280,     4.24018,     0.44836,    17.42547
   00:011.300,     4.28464,     0.43657,    17.39119
   00:011.320,     4.32566,     0.42949,    17.35690
   00:011.340,     4.36616,     0.42949,    17.29976
   00:011.360,     4.40418,     0.42063,    17.26548
   00:011.380,     4.44054,     0.40785,    17.26548
   00:011.400,     4.47421,     0.39945,    17.20834
   00:011.420,     4.50394,     0.39243,    17.15691
   00:011.440,     4.53317,     0.38414,    17.13406
   00:011.460,     4.56162,     0.37733,    17.11691
   00:011.480,     4.58891,     0.36848,    17.08263
   00:011.500,     4.61365,     0.36321,    17.05406
   00:011.520,     4.63826,     0.36057,    17.03692
   00:011.540,     4.66288,     0.35468,    17.01406
   00:011.560,     4.68185,     0.34718,    16.99121
   00:011.580,     4.70225,     0.34087,    16.96835
   00:011.600,     4.72581,     0.33545,    16.94550
   00:011.620,     4.74712,     0.32832,    16.92264
   00:011.640,     4.76451,     0.32000,    16.89978
   00:011.660,     4.78389,     0.31190,    16.88264
   00:011.680,     4.80573,     0.30789,    16.85979
   00:011.700,     4.82459,     0.30436,    16.83693
   00:011.720,     4.84302,     0.29460,    16.81979
   00:011.740,     4.85942,     0.28717,    16.80836
   00:011.760,     4.87452,     0.28654,    16.77408
   00:011.780,     4.89096,     0.28455,    16.75122
   00:011.800,     4.90357,     0.27884,    16.73979
   00:011.820,     4.92042,     0.27689,    16.71694
   00:011.840,     4.93673,     0.27719,    16.70551
   00:011.860,     4.94809,     0.27181,    16.69408
   00:011.880,     4.96099,     0.26341,    16.65980
   00:011.900,     4.97622,     0.25760,    16.65980
   00:011.920,     4.99081,     0.25311,    16.63694
   00:011.940,     5.00257,     0.24499,    16.62551
   00:011.960,     5.01266,     0.23272,    16.60266
   00:011.980,     5.02498,     0.21998,    16.58552
   00:012.000,     5.03713,     0.20360,    16.56837
   00:012.020,     5.04925,     0.17891,    16.55695
   00:012.040,     5.06259,     0.14949,    16.54552
   00:012.060,     5.07530,     0.11276,    16.53409
   00:012.080,     5.08718,     0.00000,    16.49981
   00:012.100,     5.10025,     0.00000,    16.49981
   00:012.120,     5.11233,     0.00000,    16.46552
   00:012.140,     5.12837,     0.00000,    16.45409
   00:012.160,     5.14402,    -0.15245,    16.44838
   00:012.180,     5.15656,    -0.22769,    16.42552
   00:012.200,     5.16611,    -0.32221,    16.39695
   00:012.220,     5.17663,    -0.41393,    16.39695
   00:012.240,     5.19191,    -0.49005,    16.37410
   00:012.260,     5.19977,    -0.54962,    16.36267
   00:012.280,     5.20549,    -0.59758,    16.35124
   00:012.300,     5.21450,    -0.63008,    16.32839
   00:012.320,     5.22393,    -0.65371,    16.31696
   00:012.340,     5.23353,    -0.68063,    16.30553
   00:012.360,     5.24401,    -0.71281,    16.31124
   00:012.380,     5.25438,    -0.73746,    16.30553
   00:012.400,     5.26643,    -0.74944,    16.28839
   00:012.420,     5.27732,    -0.75639,    16.25982
   00:012.440,     5.28453,    -0.76395,    16.24839
   00:012.460,     5.29666,    -0.77906,    16.24268
   00:012.480,     5.30745,    -0.79828,    16.21982
   00:012.500,     5.31495,    -0.81003,    16.21411
   00:012.520,     5.32417,    -0.81450,    16.19696
   00:012.540,     5.33362,    -0.81754,    16.19125
   00:012.560,     5.34101,    -0.81777,    16.17982
   00:012.580,     5.34797,    -0.81575,    16.15125
   00:012.600,     5.34403,    -0.81143,    16.15125
   00:012.620,     5.31375,    -0.80481,    16.15697
   00:012.640,     5.26249,    -0.80175,    16.16840
   00:012.660,     5.16065,    -0.80587,    16.20268
   00:012.680,     4.84988,    -0.81748,    16.31124
   00:012.700,     4.16835,    -0.83117,    16.55123
   00:012.720,     3.22480,    -0.83835,    17.08834
   00:012.740,     2.35569,    -0.83434,    17.89402
   00:012.760,     1.74097,    -0.82354,    18.71111
   00:012.780,     1.34534,    -0.80898,    19.36822
   00:012.800,     1.08720,    -0.78752,    19.81391
   00:012.820,     0.92111,    -0.76125,    20.09961
   00:012.840,     0.81256,    -0.73989,    20.26531
   00:012.860,     0.73832,    -0.73042,    20.37388
   00:012.880,     0.68903,    -0.72542,    20.42531
   00:012.900,     0.65643,    -0.71530,    20.49387
   00:012.920,     0.63390,    -0.70388,    20.52244
   00:012.940,     0.61576,    -0.69862,    20.53387
   00:012.960,     0.60168,    -0.69639,    20.55673
   00:012.980,     0.59087,    -0.69713,    20.56816
   00:013.000,     0.58310,    -0.70449,    20.57958
   00:013.020,     0.57840,    -0.71981,    20.56816
   00:013.040,     0.57259,    -0.74226,    20.56816
   00:013.060,     0.56757,    -0.76151,    20.56816
   00:013.080,     0.56468,    -0.76496,    20.58530
   00:013.100,     0.56092,    -0.75026,    20.57958
   00:013.120,     0.55807,    -0.72354,    20.58530
   00:013.140,     0.55576,    -0.69054,    20.56244
   00:013.160,     0.55450,    -0.65264,    20.56244
   00:013.180,     0.55151,    -0.61590,    20.57387
   00:013.200,     0.54807,    -0.58945,    20.56816
   00:013.220,     0.54709,    -0.56991,    20.55673
   00:013.240,     0.54531,    -0.53711,    20.54530
   00:013.260,     0.54402,    -0.48577,    20.55673
   00:013.280,     0.54271,    -0.41868,    20.56244
   00:013.300,     0.54154,    -0.34637,    20.55673
   00:013.320,     0.54099,    -0.25744,    20.55673
   00:013.340,     0.53969,    -0.14392,    20.55673
   00:013.360,     0.53902,     0.00000,    20.53959
   00:013.380,     0.53779,     0.19354,    20.54530
   00:013.400,     0.53657,     0.26761,    20.54530
   00:013.420,     0.53701,     0.35092,    20.53959
   00:013.440,     0.53709,     0.41165,    20.54530
   00:013.460,     0.53543,     0.46471,    20.54530
   00:013.480,     0.53488,     0.52346,    20.53387
   00:013.500,     0.53320,     0.57956,    20.53387
   00:013.520,     0.53256,     0.63760,    20.53959
   00:013.540,     0.53164,     0.68417,    20.54530
   00:013.560,     0.53186,     0.71030,    20.54530
   00:013.580,     0.53123,     0.72496,    20.53387
   00:013.600,     0.53004,     0.74059,    20.54530
   00:013.620,     0.52952,     0.75923,    20.53387
   00:013.640,     0.52880,     0.76539,    20.53959
   00:013.660,     0.52944,     0.75586,    20.53959
   00:013.680,     0.52769,     0.74946,    20.54530
   00:013.700,     0.52657,     0.75107,    20.53387
   00:013.720,     0.52791,     0.74223,    20.55673
   00:013.740,     0.52777,     0.72573,    20.53387
   00:013.760,     0.52657,     0.72153,    20.55673
   00:013.780,     0.52671,     0.71576,    20.55673
   00:013.800,     0.52737,     0.70162,    20.52816
   00:013.820,     0.52879,     0.69863,    20.53387
   00:013.840,     0.52983,     0.69993,    20.55673
   00:013.860,     0.53100,     0.69709,    20.55673
   00:013.880,     0.53257,     0.68714,    20.55673
   00:013.900,     0.53249,     0.67483,    20.55673
   00:013.920,     0.53176,     0.66697,    20.53959
   00:013.940,     0.53320,     0.65642,    20.53387
   00:013.960,     0.53658,     0.65001,    20.53387
   00:013.980,     0.53989,     0.64711,    20.55673
   00:014.000,     0.54166,     0.63727,    20.53959
   00:014.020,     0.55065,     0.62233,    20.55673
   00:014.040,     0.58282,     0.60900,    20.52816
   00:014.060,     0.66845,     0.59409,    20.51102
   00:014.080,     0.83637,     0.57816,    20.45388
   00:014.100,     1.08910,     0.57172,    20.33388
   00:014.120,     1.40800,     0.56522,    20.14532
   00:014.140,     1.75924,     0.55592,    19.87105
   00:014.160,     2.11035,     0.55016,    19.56821
   00:014.180,     2.44083,     0.53626,    19.27680
   00:014.200,     2.74115,     0.51546,    18.97967
   00:014.220,     3.00440,     0.50043,    18.71683
   00:014.240,     3.22908,     0.48568,    18.47684
   00:014.260,     3.41565,     0.47441,    18.27685
   00:014.280,     3.57321,     0.47558,    18.13400
   00:014.300,     3.70685,     0.47218,    17.99687
   00:014.320,     3.81591,     0.45626,    17.88259
   00:014.340,     3.90829,     0.44372,    17.77974
   00:014.360,     3.99035,     0.43783,    17.69974
   00:014.380,     4.05733,     0.43189,    17.63117
   00:014.400,     4.11840,     0.42021,    17.56832
   00:014.420,     4.17351,     0.40292,    17.51689
   00:014.440,     4.21993,     0.39334,    17.47118
   00:014.460,     4.26207,     0.39225,    17.41404
   00:014.480,     4.30242,     0.38754,    17.37976
   00:014.500,     4.34024,     0.38218,    17.33405
   00:014.520,     4.37685,     0.37623,    17.29976
   00:014.540,     4.41082,     0.37057,    17.26548
   00:014.560,     4.44116,     0.36554,    17.23119
   00:014.580,     4.47029,     0.35851,    17.20834
   00:014.600,     4.50262,     0.34809,    17.17405
   00:014.620,     4.53586,     0.34131,    17.13977
   00:014.640,     4.56903,     0.33240,    17.09977
   00:014.660,     4.60018,     0.31989,    17.08263
   00:014.680,     4.62599,     0.31814,    17.04263
   00:014.700,     4.65191,     0.32853,    17.01406
   00:014.720,     4.68127,     0.32941,    16.99692
   00:014.740,     4.71062,     0.32080,    16.96835
   00:014.760,     4.73952,     0.31730,    16.92264
   00:014.780,     4.76767,     0.31566,    16.89978
   00:014.800,     4.79136,     0.30805,    16.88836
   00:014.820,     4.81670,     0.29564,    16.85979
   00:014.840,     4.84080,     0.28860,    16.81979
   00:014.860,     4.86153,     0.28126,    16.80836
   00:014.880,     4.88163,     0.27235,    16.77408
   00:014.900,     4.90378,     0.26838,    16.75122
   00:014.920,     4.92347,     0.25926,    16.72836
   00:014.940,     4.94157,     0.24584,    16.71694
   00:014.960,     4.96016,     0.23771,    16.69979
   00:014.980,     4.97895,     0.23618,    16.67694
   00:015.000,     4.99661,     0.23999,    16.67122
   00:015.020,     5.01259,     0.23724,    16.64265
   00:015.040,     5.02830,     0.23036,    16.61409
   00:015.060,     5.04451,     0.22255,    16.59694
   00:015.080,     5.05933,     0.20571,    16.58552
   00:015.100,     5.07446,     0.18038,    16.56266
   00:015.120,     5.08780,     0.14736,    16.55695
   00:015.140,     5.09964,     0.08882,    16.52266
   00:015.160,     5.11240,     0.00000,    16.49981
   00:015.180,     5.12713,     0.00000,    16.51123
   00:015.200,     5.13807,    -0.16637,    16.48838
   00:015.220,     5.15099,    -0.22017,    16.46552
   00:015.240,     5.16624,    -0.27726,    16.45981
   00:015.260,     5.17954,    -0.33311,    16.44267
   00:015.280,     5.19211,    -0.39088,    16.41981
   00:015.300,     5.20168,    -0.44742,    16.39695
   00:015.320,     5.21325,    -0.49429,    16.37410
   00:015.340,     5.22856,    -0.52659,    16.37410
   00:015.360,     5.23843,    -0.55002,    16.35696
   00:015.380,     5.24822,    -0.57505,    16.35124
   00:015.400,     5.26085,    -0.60288,    16.32267
   00:015.420,     5.26813,    -0.62474,    16.30553
   00:015.440,     5.27582,    -0.64333,    16.30553
   00:015.460,     5.28459,    -0.66772,    16.29410
   00:015.480,     5.29670,    -0.69435,    16.25982
   00:015.500,     5.30887,    -0.71179,    16.25982
   00:015.520,     5.31678,    -0.71930,    16.24268
   00:015.540,     5.31960,    -0.73057,    16.22553
   00:015.560,     5.32691,    -0.74377,    16.21982
   00:015.580,     5.33802,    -0.75054,    16.21411
   00:015.600,     5.34487,    -0.75576,    16.19125
   00:015.620,     5.34713,    -0.76588,    16.19125
   00:015.640,     5.34155,    -0.77783,    16.17411
   00:015.660,     5.31240,    -0.79187,    16.17982
   00:015.680,     5.27790,    -0.81063,    16.19125
   00:015.700,     5.26426,    -0.82879,    16.24268
   00:015.720,     5.20296,    -0.83960,    16.24839
   00:015.740,     4.83257,    -0.84409,    16.30553
   00:015.760,     3.96598,    -0.84364,    16.60266
   00:015.780,     2.92934,    -0.83575,    17.25405
   00:015.800,     2.11694,    -0.82822,    18.13400
   00:015.820,     1.58703,    -0.82677,    18.95681
   00:015.840,     1.24576,    -0.82344,    19.55107
   00:015.860,     1.02135,    -0.81419,    19.92248
   00:015.880,     0.87646,    -0.80561,    20.16246
   00:015.900,     0.78421,    -0.80761,    20.30531
   00:015.920,     0.72371,    -0.82015,    20.38531
   00:015.940,     0.67974,    -0.83488,    20.46530
   00:015.960,     0.64810,    -0.84545,    20.49959
   00:015.980,     0.62763,    -0.85342,    20.53387
   00:016.000,     0.61135,    -0.86154,    20.53959
   00:016.020,     0.59859,    -0.86523,    20.56244
   00:016.040,     0.58963,    -0.86002,    20.57958
   00:016.060,     0.58145,    -0.85106,    20.56816
   00:016.080,     0.57506,    -0.84429,    20.56816
   00:016.100,     0.57124,    -0.84064,    20.57958
   00:016.120,     0.56893,    -0.84175,    20.57387
   00:016.140,     0.56557,    -0.84785,    20.57387
   00:016.160,     0.56164,    -0.85520,    20.57958
   00:016.180,     0.55849,    -0.86073,    20.56816
   00:016.200,     0.55591,    -0.86255,    20.55673
   00:016.220,     0.55470,    -0.85536,    20.55673
   00:016.240,     0.55267,    -0.84304,    20.55673
   00:016.260,     0.55021,    -0.83789,    20.56816
   00:016.280,     0.54756,    -0.83873,    20.55673
   00:016.300,     0.54656,    -0.83693,    20.56244
   00:016.320,     0.54493,    -0.83210,    20.55673
   00:016.340,     0.54307,    -0.82563,    20.55673
   00:016.360,     0.54209,    -0.80697,    20.53387
   00:016.380,     0.54057,    -0.76724,    20.53959
   00:016.400,     0.53922,    -0.72342,    20.53387
   00:016.420,     0.54001,    -0.68281,    20.53959
   00:016.440,     0.53879,    -0.63317,    20.54530
   00:016.460,     0.53768,    -0.57116,    20.53959
   00:016.480,     0.53681,    -0.50406,    20.53387
   00:016.500,     0.53581,    -0.43682,    20.53959
   00:016.520,     0.53422,    -0.36537,    20.55673
   00:016.540,     0.53315,    -0.29161,    20.53387
   00:016.560,     0.53318,    -0.21284,    20.55673
   00:016.580,     0.53258,    -0.09799,    20.53959
   00:016.600,     0.53092,     0.00000,    20.52244
   00:016.620,     0.53039,     0.22334,    20.55673
   00:016.640,     0.53016,     0.31556,    20.53959
   00:016.660,     0.53078,     0.38687,    20.53387
   00:016.680,     0.53000,     0.41074,    20.53959
   00:016.700,     0.52949,     0.43205,    20.54530
   00:016.720,     0.52931,     0.48094,    20.53959
   00:016.740,     0.52896,     0.54036,    20.53387
   00:016.760,     0.52844,     0.59543,    20.53387
   00:016.780,     0.52783,     0.64493,    20.53387
   00:016.800,     0.52707,     0.68627,    20.53959
   00:016.820,     0.52706,     0.72504,    20.53959
   00:016.840,     0.52711,     0.75196,    20.53959
   00:016.860,     0.52707,     0.76430,    20.55673
   00:016.880,     0.52752,     0.77119,    20.53387
   00:016.900,     0.52605,     0.77911,    20.53959
   00:016.920,     0.52413,     0.78827,    20.53959
   00:016.940,     0.52469,     0.79629,    20.53387
   00:016.960,     0.52517,     0.80246,    20.55673
   00:016.980,     0.52565,     0.81897,    20.53959
   00:017.000,     0.52463,     0.83991,    20.53387
   00:017.020,     0.52270,     0.84538,    20.53387
   00:017.040,     0.52194,     0.84032,    20.55673
   00:017.060,     0.52259,     0.84581,    20.55673
   00:017.080,     0.52343,     0.84510,    20.53387
   00:017.100,     0.52393,     0.84282,    20.55673
   00:017.120,     0.52459,     0.84535,    20.55673
   00:017.140,     0.52260,     0.84482,    20.54530
   00:017.160,     0.52302,     0.83681,    20.56816
   00:017.180,     0.52449,     0.81801,    20.53387
   00:017.200,     0.52615,     0.79244,    20.53387
   00:017.220,     0.52688,     0.77804,    20.56816
   00:017.240,     0.52759,     0.76835,    20.56816
   00:017.260,     0.53300,     0.74638,    20.55673
   00:017.280,     0.55870,     0.72178,    20.53959
   00:017.300,     0.63444,     0.71100,    20.55673
   00:017.320,     0.78434,     0.71013,    20.49387
   00:017.340,     1.01836,     0.69858,    20.37959
   00:017.360,     1.32014,     0.67760,    20.19675
   00:017.380,     1.65910,     0.66150,    19.96819
   00:017.400,     2.00459,     0.64942,    19.67678
   00:017.420,     2.33067,     0.63803,    19.36822
   00:017.440,     2.62435,     0.62209,    19.10538
   00:017.460,     2.88360,     0.60157,    18.84254
   00:017.480,     3.11157,     0.58803,    18.61969
   00:017.500,     3.30810,     0.58197,    18.42541
   00:017.520,     3.47284,     0.57438,    18.27114
   00:017.540,     3.60502,     0.55629,    18.11686
   00:017.560,     3.72207,     0.53483,    18.01972
   00:017.580,     3.82332,     0.52026,    17.91116
   00:017.600,     3.91007,     0.51091,    17.82545
   00:017.620,     3.98621,     0.50721,    17.74545
   00:017.640,     4.05226,     0.50158,    17.68831
   00:017.660,     4.11050,     0.48431,    17.63689
   00:017.680,     4.16407,     0.46382,    17.55118
   00:017.700,     4.21223,     0.44873,    17.50547
   00:017.720,     4.25710,     0.44239,    17.47118
   00:017.740,     4.29835,     0.43308,    17.41404
   00:017.760,     4.33452,     0.42289,    17.37976
   00:017.780,     4.36584,     0.42194,    17.35690
   00:017.800,     4.39505,     0.41690,    17.33405
   00:017.820,     4.42329,     0.40812,    17.29405
   00:017.840,     4.45167,     0.39833,    17.26548
   00:017.860,     4.47604,     0.38158,    17.23119
   00:017.880,     4.49969,     0.36806,    17.21977
   00:017.900,     4.52355,     0.36762,    17.20262
   00:017.920,     4.54539,     0.36592,    17.16263
   00:017.940,     4.56559,     0.35753,    17.12834
   00:017.960,     4.58154,     0.35341,    17.14548
   00:017.980,     4.60307,     0.35220,    17.10549
   00:018.000,     4.62623,     0.34522,    17.08834
   00:018.020,     4.64417,     0.33685,    17.08263
   00:018.040,     4.66330,     0.33127,    17.05406
   00:018.060,     4.68322,     0.32525,    17.01406
   00:018.080,     4.70147,     0.31738,    17.00264
   00:018.100,     4.72100,     0.31307,    16.99121
   00:018.120,     4.74018,     0.30284,    16.95692
   00:018.140,     4.76055,     0.28990,    16.93978
   00:018.160,     4.78042,     0.29515,    16.92835
   00:018.180,     4.79913,     0.30726,    16.89978
   00:018.200,     4.81782,     0.30890,    16.86550
   00:018.220,     4.83794,     0.30016,    16.85979
   00:018.240,     4.85709,     0.29316,    16.83693
   00:018.260,     4.87828,     0.28937,    16.81979
   00:018.280,     4.89981,     0.27208,    16.77408
   00:018.300,     4.91826,     0.24879,    16.75122
   00:018.320,     4.93684,     0.23230,    16.73979
   00:018.340,     4.95676,     0.21605,    16.71694
   00:018.360,     4.97742,     0.19297,    16.69408
   00:018.380,     4.99630,     0.16447,    16.67122
   00:018.400,     5.01293,     0.11647,    16.64837
   00:018.420,     5.02843,     0.00000,    16.62551
   00:018.440,     5.04153,     0.00000,    16.60266
   00:018.460,     5.05876,    -0.15339,    16.59123
   00:018.480,     5.07641,    -0.19861,    16.56266
   00:018.500,     5.09284,    -0.24505,    16.55695
   00:018.520,     5.10634,    -0.29425,    16.53980
   00:018.540,     5.11979,    -0.34762,    16.51123
   00:018.560,     5.13204,    -0.39806,    16.49981
   00:018.580,     5.14358,    -0.44477,    16.47695
   00:018.600,     5.15885,    -0.48913,    16.46552
   00:018.620,     5.17029,    -0.53539,    16.45409
   00:018.640,     5.18049,    -0.58993,    16.44267
   00:018.660,     5.19222,    -0.64433,    16.40838
   00:018.680,     5.20256,    -0.69740,    16.41981
   00:018.700,     5.21121,    -0.74607,    16.39695
   00:018.720,     5.21793,    -0.78378,    16.36267
   00:018.740,     5.23056,    -0.80995,    16.35696
   00:018.760,     5.24428,    -0.83162,    16.35696
   00:018.780,     5.25587,    -0.84928,    16.35124
   00:018.800,     5.26612,    -0.86088,    16.31696
   00:018.820,     5.27438,    -0.86664,    16.31124
   00:018.840,     5.27855,    -0.86963,    16.29982
   00:018.860,     5.28275,    -0.87188,    16.29410
   00:018.880,     5.28591,    -0.87168,    16.27125
   00:018.900,     5.28552,    -0.87339,    16.27696
   00:018.920,     5.27910,    -0.88136,    16.26553
   00:018.940,     5.26706,    -0.89507,    16.28267
   00:018.960,     5.24904,    -0.90888,    16.29410
   00:018.980,     5.15339,    -0.91540,    16.31124
   00:019.000,     4.73447,    -0.91183,    16.38553
   00:019.020,     3.86596,    -0.90446,    16.69979
   00:019.040,     2.87785,    -0.89710,    17.35690
   00:019.060,     2.10325,    -0.88873,    18.22543
   00:019.080,     1.58234,    -0.88439,    19.00253
   00:019.100,     1.24163,    -0.88944,    19.55107
   00:019.120,     1.02026,    -0.90427,    19.91676
   00:019.140,     0.87800,    -0.92438,    20.14532
   00:019.160,     0.78445,    -0.94267,    20.30531
   00:019.180,     0.72221,    -0.95097,    20.37959
   00:019.200,     0.68050,    -0.94660,    20.44816
   00:019.220,     0.65441,    -0.93121,    20.49387
   00:019.240,     0.63837,    -0.91063,    20.51102
   00:019.260,     0.62499,    -0.89134,    20.54530
   00:019.280,     0.61196,    -0.87778,    20.53387
   00:019.300,     0.60022,    -0.87120,    20.53387
   00:019.320,     0.59107,    -0.86540,    20.55673
   00:019.340,     0.58278,    -0.85380,    20.56816
   00:019.360,     0.57769,    -0.84289,    20.56244
   00:019.380,     0.57289,    -0.83604,    20.56244
   00:019.400,     0.56690,    -0.83379,    20.55673
   00:019.420,     0.56214,    -0.83401,    20.57387
   00:019.440,     0.56050,    -0.82888,    20.56816
   00:019.460,     0.55760,    -0.81899,    20.54530
   00:019.480,     0.55472,    -0.81041,    20.55673
   00:019.500,     0.55295,    -0.80193,    20.56244
   00:019.520,     0.55141,    -0.78861,    20.55673
   00:019.540,     0.54855,    -0.77239,    20.53959
   00:019.560,     0.54738,    -0.76138,    20.55673
   00:019.580,     0.54700,    -0.75243,    20.55673
   00:019.600,     0.54364,    -0.74009,    20.53387
   00:019.620,     0.54239,    -0.72605,    20.53387
   00:019.640,     0.54172,    -0.70996,    20.52816
   00:019.660,     0.54023,    -0.68628,    20.52244
   00:019.680,     0.53934,    -0.65062,    20.53387
   00:019.700,     0.53800,    -0.60528,    20.53387
   00:019.720,     0.53739,    -0.55755,    20.52244
   00:019.740,     0.53643,    -0.50586,    20.53387
   00:019.760,     0.53535,    -0.43934,    20.52244
   00:019.780,     0.53539,    -0.35971,    20.53387
   00:019.800,     0.53354,    -0.26990,    20.52244
   00:019.820,     0.53314,    -0.16272,    20.53387
   00:019.840,     0.53452,     0.00000,    20.53387
   00:019.860,     0.53281,     0.19941,    20.52816
   00:019.880,     0.53171,     0.26546,    20.51673
   00:019.900,     0.53224,     0.33806,    20.53387
   00:019.920,     0.53248,     0.39306,    20.53387
   00:019.940,     0.53190,     0.43781,    20.52816
   00:019.960,     0.52945,     0.47954,    20.52816
   00:019.980,     0.52801,     0.51525,    20.52244
   00:020.000,     0.52906,     0.54941,    20.53387
   00:020.020,     0.52949,     0.58507,    20.51673
   00:020.040,     0.52878,     0.62018,    20.52816
   00:020.060,     0.52858,     0.65878,    20.53387
   00:020.080,     0.52804,     0.70212,    20.53387
   00:020.100,     0.52793,     0.74822,    20.53387
   00:020.120,     0.52687,     0.78957,    20.53387
   00:020.140,     0.52676,     0.81796,    20.55673
   00:020.160,     0.52811,     0.83718,    20.55673
   00:020.180,     0.52640,     0.85079,    20.52244
   00:020.200,     0.52360,     0.85619,    20.52244
   00:020.220,     0.52273,     0.85984,    20.54530
   00:020.240,     0.52401,     0.86541,    20.53959
   00:020.260,     0.52426,     0.86755,    20.53387
   00:020.280,     0.52370,     0.86284,    20.52816
   00:020.300,     0.52431,     0.85650,    20.53387
   00:020.320,     0.52396,     0.85511,    20.53387
   00:020.340,     0.52506,     0.86024,    20.53387
   00:020.360,     0.52604,     0.85668,    20.53387
   00:020.380,     0.52433,     0.84505,    20.54530
   00:020.400,     0.52434,     0.83845,    20.53387
   00:020.420,     0.52600,     0.83484,    20.53387
   00:020.440,     0.52586,     0.83118,    20.53959
   00:020.460,     0.52552,     0.82129,    20.55673
   00:020.480,     0.52629,     0.80375,    20.52244
   00:020.500,     0.52853,     0.79202,    20.53387
   00:020.520,     0.53999,     0.77957,    20.55673
   00:020.540,     0.58118,     0.76054,    20.53959
   00:020.560,     0.67695,     0.74218,    20.49959
   00:020.580,     0.85124,     0.72953,    20.44816
   00:020.600,     1.10912,     0.71647,    20.30531
   00:020.620,     1.41694,     0.69748,    20.11104
   00:020.640,     1.74026,     0.68141,    19.86534
   00:020.660,     2.06069,     0.66582,    19.59107
   00:020.680,     2.36217,     0.64169,    19.31679
   00:020.700,     2.63954,     0.62113,    19.05967
   00:020.720,     2.88666,     0.60289,    18.81968
   00:020.740,     3.10089,     0.58564,    18.61398
   00:020.760,     3.28464,     0.57881,    18.45398
   00:020.780,     3.44419,     0.57587,    18.29399
   00:020.800,     3.57838,     0.56852,    18.15686
   00:020.820,     3.69165,     0.55500,    18.04258
   00:020.840,     3.78868,     0.54252,    17.93973
   00:020.860,     3.87534,     0.53455,    17.87116
   00:020.880,     3.95151,     0.53242,    17.79116
   00:020.900,     4.01586,     0.52572,    17.72260
   00:020.920,     4.07431,     0.51286,    17.66546
   00:020.940,     4.13093,     0.50253,    17.59689
   00:020.960,     4.18393,     0.49500,    17.55689
   00:020.980,     4.22891,     0.49171,    17.51689
   00:021.000,     4.26892,     0.48320,    17.47118
   00:021.020,     4.31006,     0.46859,    17.42547
   00:021.040,     4.34825,     0.45773,    17.36833
   00:021.060,     4.38016,     0.45010,    17.35690
   00:021.080,     4.40861,     0.43837,    17.31690
   00:021.100,     4.43640,     0.42987,    17.29976
   00:021.120,     4.46286,     0.42700,    17.27691
   00:021.140,     4.48862,     0.42182,    17.24262
   00:021.160,     4.51210,     0.41376,    17.23691
   00:021.180,     4.53350,     0.40461,    17.20834
   00:021.200,     4.55643,     0.39256,    17.19691
   00:021.220,     4.57590,     0.38540,    17.17405
   00:021.240,     4.59308,     0.38058,    17.12834
   00:021.260,     4.61455,     0.37049,    17.12834
   00:021.280,     4.63087,     0.35734,    17.11120
   00:021.300,     4.64896,     0.35166,    17.07120
   00:021.320,     4.66667,     0.35182,    17.06549
   00:021.340,     4.68513,     0.34175,    17.05978
   00:021.360,     4.70242,     0.32669,    17.03692
   00:021.380,     4.71822,     0.32067,    17.01406
   00:021.400,     4.73428,     0.32182,    16.99121
   00:021.420,     4.75220,     0.31733,    16.97407
   00:021.440,     4.77023,     0.31080,    16.95121
   00:021.460,     4.78794,     0.30257,    16.94550
   00:021.480,     4.80270,     0.28936,    16.92264
   00:021.500,     4.81480,     0.27292,    16.87693
   00:021.520,     4.82781,     0.25511,    16.87693
   00:021.540,     4.84459,     0.23174,    16.85979
   00:021.560,     4.86316,     0.19490,    16.84264
   00:021.580,     4.87800,     0.15246,    16.81979
   00:021.600,     4.89175,     0.11752,    16.80836
   00:021.620,     4.90725,     0.00000,    16.77408
   00:021.640,     4.92632,     0.00000,    16.76265
   00:021.660,     4.94248,     0.00000,    16.73979
   00:021.680,     4.95980,     0.00000,    16.71694
   00:021.700,     4.97834,    -0.18605,    16.69408
   00:021.720,     4.99448,    -0.26419,    16.67122
   00:021.740,     5.00857,    -0.35814,    16.67122
   00:021.760,     5.02338,    -0.45349,    16.63694
   00:021.780,     5.03849,    -0.53504,    16.62551
   00:021.800,     5.05497,    -0.60337,    16.60837
   00:021.820,     5.07014,    -0.64917,    16.58552
   00:021.840,     5.08246,    -0.67908,    16.57980
   00:021.860,     5.09478,    -0.70380,    16.55695
   00:021.880,     5.10519,    -0.73165,    16.53980
   00:021.900,     5.11871,    -0.76025,    16.53409
   00:021.920,     5.13251,    -0.78124,    16.51123
   00:021.940,     5.14417,    -0.79436,    16.48838
   00:021.960,     5.15825,    -0.80375,    16.46552
   00:021.980,     5.17435,    -0.81750,    16.45409
   00:022.000,     5.18360,    -0.83918,    16.44267
   00:022.020,     5.19101,    -0.86020,    16.43124
   00:022.040,     5.20074,    -0.87482,    16.41981
   00:022.060,     5.20877,    -0.88430,    16.39695
   00:022.080,     5.21732,    -0.89098,    16.38553
   00:022.100,     5.22717,    -0.89681,    16.38553
   00:022.120,     5.22659,    -0.90252,    16.35124
   00:022.140,     5.21505,    -0.90718,    16.36838
   00:022.160,     5.19482,    -0.90746,    16.36267
   00:022.180,     5.15439,    -0.90491,    16.39695
   00:022.200,     5.03397,    -0.90348,    16.43124
   00:022.220,     4.65432,    -0.91048,    16.51695
   00:022.240,     3.85616,    -0.92556,    16.81979
   00:022.260,     2.89162,    -0.94073,    17.43690
   00:022.280,     2.11747,    -0.95471,    18.22543
   00:022.300,     1.60645,    -0.97005,    19.00253
   00:022.320,     1.27916,    -0.98169,    19.53964
   00:022.340,     1.06424,    -0.98315,    19.89391
   00:022.360,     0.92308,    -0.97636,    20.12818
   00:022.380,     0.82934,    -0.96565,    20.25389
   00:022.400,     0.76347,    -0.95654,    20.34531
   00:022.420,     0.71367,    -0.94837,    20.40245
   00:022.440,     0.67464,    -0.94007,    20.44816
   00:022.460,     0.64583,    -0.93020,    20.48245
   00:022.480,     0.62292,    -0.92461,    20.51102
   00:022.500,     0.60571,    -0.92321,    20.52816
   00:022.520,     0.59562,    -0.91688,    20.55673
   00:022.540,     0.59004,    -0.90077,    20.53959
   00:022.560,     0.58438,    -0.88101,    20.55673
   00:022.580,     0.57762,    -0.86517,    20.55673
   00:022.600,     0.57114,    -0.85372,    20.55673
   00:022.620,     0.56769,    -0.83768,    20.53959
   00:022.640,     0.56571,    -0.81545,    20.53959
   00:022.660,     0.56316,    -0.79880,    20.55673
   00:022.680,     0.55864,    -0.78691,    20.53387
   00:022.700,     0.55622,    -0.77143,    20.55673
   00:022.720,     0.55503,    -0.74982,    20.53387
   00:022.740,     0.55335,    -0.73328,    20.54530
   00:022.760,     0.55177,    -0.72560,    20.53959
   00:022.780,     0.55247,    -0.70903,    20.53387
   00:022.800,     0.55254,    -0.67344,    20.51673
   00:022.820,     0.55420,    -0.61948,    20.51673
   00:022.840,     0.56695,    -0.54293,    20.51673
   00:022.860,     0.59284,    -0.44777,    20.51102
   00:022.880,     0.62587,    -0.32517,    20.49387
   00:022.900,     0.65635,    -0.16599,    20.47102
   00:022.920,     0.67474,     0.00000,    20.42531
   00:022.940,     0.67967,     0.23907,    20.41959
   00:022.960,     0.67151,     0.32988,    20.41959
   00:022.980,     0.65092,     0.40817,    20.41959
   00:023.000,     0.62296,     0.46247,    20.41959
   00:023.020,     0.60143,     0.51893,    20.46530
   00:023.040,     0.59006,     0.57760,    20.45388
   00:023.060,     0.58439,     0.63442,    20.47102
   00:023.080,     0.58555,     0.68541,    20.47102
   00:023.100,     0.59293,     0.73225,    20.47673
   00:023.120,     0.60455,     0.77924,    20.47102
   00:023.140,     0.61632,     0.82834,    20.47102
   00:023.160,     0.62710,     0.86196,    20.46530
   00:023.180,     0.63438,     0.88717,    20.44816
   00:023.200,     0.63746,     0.91482,    20.45388
   00:023.220,     0.63754,     0.93284,    20.44245
   00:023.240,     0.63691,     0.93814,    20.43102
   00:023.260,     0.63348,     0.93242,    20.42531
   00:023.280,     0.62915,     0.92640,    20.43102
   00:023.300,     0.62885,     0.91756,    20.44245
   00:023.320,     0.63160,     0.90064,    20.44245
   00:023.340,     0.63874,     0.87770,    20.43102
   00:023.360,     0.64619,     0.86121,    20.43102
   00:023.380,     0.64742,     0.85701,    20.44245
   00:023.400,     0.64166,     0.84546,    20.43102
   00:023.420,     0.63266,     0.82715,    20.41959
   00:023.440,     0.62643,     0.81753,    20.44245
   00:023.460,     0.62256,     0.81071,    20.44816
   00:023.480,     0.62110,     0.79983,    20.46530
   00:023.500,     0.61968,     0.79272,    20.46530
   00:023.520,     0.61723,     0.78689,    20.47102
   00:023.540,     0.61629,     0.76755,    20.46530
   00:023.560,     0.61814,     0.74806,    20.46530
   00:023.580,     0.63421,     0.73637,    20.47102
   00:023.600,     0.69247,     0.71690,    20.46530
   00:023.620,     0.82523,     0.69674,    20.41959
   00:023.640,     1.04850,     0.68694,    20.32817
   00:023.660,     1.34780,     0.67447,    20.15675
   00:023.680,     1.68714,     0.65550,    19.93962
   00:023.700,     2.03720,     0.63504,    19.64821
   00:023.720,     2.36930,     0.61017,    19.35108
   00:023.740,     2.66472,     0.58971,    19.06538
   00:023.760,     2.91752,     0.57453,    18.80254
   00:023.780,     3.13101,     0.55971,    18.60826
   00:023.800,     3.31092,     0.54877,    18.43113
   00:023.820,     3.46303,     0.53618,    18.28257
   00:023.840,     3.58816,     0.52484,    18.13972
   00:023.860,     3.68840,     0.51190,    18.05401
   00:023.880,     3.77171,     0.49858,    17.96258
   00:023.900,     3.84568,     0.49050,    17.88259
   00:023.920,     3.90768,     0.48163,    17.82545
   00:023.940,     3.95926,     0.46858,    17.76831
   00:023.960,     4.00860,     0.45791,    17.72260
   00:023.980,     4.05637,     0.45153,    17.65974
   00:024.000,     4.09651,     0.44384,    17.61974
   00:024.020,     4.13253,     0.43496,    17.59117
   00:024.040,     4.16682,     0.42498,    17.56260
   00:024.060,     4.20082,     0.41869,    17.50547
   00:024.080,     4.23371,     0.41676,    17.49404
   00:024.100,     4.26673,     0.41480,    17.45404
   00:024.120,     4.30165,     0.40410,    17.42547
   00:024.140,     4.33188,     0.38811,    17.40261
   00:024.160,     4.36164,     0.37936,    17.36833
   00:024.180,     4.39262,     0.37426,    17.32262
   00:024.200,     4.42324,     0.36610,    17.30548
   00:024.220,     4.45339,     0.36399,    17.28833
   00:024.240,     4.48226,     0.36493,    17.24262
   00:024.260,     4.51033,     0.36276,    17.22548
   00:024.280,     4.53550,     0.35876,    17.18548
   00:024.300,     4.56062,     0.35567,    17.16263
   00:024.320,     4.58763,     0.35140,    17.12834
   00:024.340,     4.61300,     0.34593,    17.10549
   00:024.360,     4.63919,     0.34018,    17.09406
   00:024.380,     4.66308,     0.33578,    17.07120
   00:024.400,     4.68376,     0.32842,    17.03692
   00:024.420,     4.70687,     0.32326,    16.99121
   00:024.440,     4.72941,     0.32096,    16.97978
   00:024.460,     4.74942,     0.31424,    16.96835
   00:024.480,     4.76624,     0.30388,    16.93978
   00:024.500,     4.78630,     0.30195,    16.91121
   00:024.520,     4.80733,     0.30071,    16.89978
   00:024.540,     4.82191,     0.29520,    16.86550
   00:024.560,     4.83466,     0.28868,    16.86550
   00:024.580,     4.85224,     0.27723,    16.84264
   00:024.600,     4.87060,     0.26543,    16.81407
   00:024.620,     4.88636,     0.25191,    16.80836
   00:024.640,     4.89871,     0.24493,    16.77979
   00:024.660,     4.91321,     0.24289,    16.76836
   00:024.680,     4.92898,     0.24143,    16.76265
   00:024.700,     4.94044,     0.23492,    16.76265
   00:024.720,     4.95425,     0.22190,    16.72836
   00:024.740,     4.96805,     0.20692,    16.71694
   00:024.760,     4.98172,     0.19168,    16.68265
   00:024.780,     4.99636,     0.16769,    16.68265
   00:024.800,     5.00623,     0.12198,    16.67122
   00:024.820,     5.01545,     0.00000,    16.64265
   00:024.840,     5.02693,     0.00000,    16.63123
   00:024.860,     5.03801,     0.00000,    16.62551
   00:024.880,     5.04944,     0.00000,    16.61409
   00:024.900,     5.06320,    -0.16954,    16.58552
   00:024.920,     5.07173,    -0.22431,    16.57980
   00:024.940,     5.08039,    -0.27700,    16.56837
   00:024.960,     5.09290,    -0.33041,    16.54552
   00:024.980,     5.10444,    -0.37907,    16.53409
   00:025.000,     5.11355,    -0.41963,    16.52266
   00:025.020,     5.11974,    -0.45759,    16.51123
   00:025.040,     5.13132,    -0.48758,    16.49409
   00:025.060,     5.14241,    -0.52234,    16.47695
   00:025.080,     5.15473,    -0.56620,    16.47695
   00:025.100,     5.16748,    -0.60762,    16.44838
   00:025.120,     5.17397,    -0.64966,    16.44267
   00:025.140,     5.17874,    -0.70108,    16.44267
   00:025.160,     5.18746,    -0.75188,    16.41981
   00:025.180,     5.19652,    -0.79127,    16.40267
   00:025.200,     5.20317,    -0.82354,    16.39124
   00:025.220,     5.21364,    -0.85303,    16.38553
   00:025.240,     5.22193,    -0.87425,    16.37410
   00:025.260,     5.23085,    -0.88550,    16.36267
   00:025.280,     5.23851,    -0.89374,    16.35124
   00:025.300,     5.24472,    -0.90062,    16.32839
   00:025.320,     5.24383,    -0.90676,    16.32839
   00:025.340,     5.23314,    -0.91672,    16.31696
   00:025.360,     5.21804,    -0.93061,    16.33981
   00:025.380,     5.19690,    -0.94216,    16.35124
   00:025.400,     5.08320,    -0.94714,    16.36267
   00:025.420,     4.62863,    -0.95015,    16.44838
   00:025.440,     3.73923,    -0.95884,    16.79693
   00:025.460,     2.76547,    -0.96885,    17.49404
   00:025.480,     2.02695,    -0.97336,    18.32828
   00:025.500,     1.54095,    -0.97578,    19.05395
   00:025.520,     1.22051,    -0.97490,    19.58535
   00:025.540,     1.00816,    -0.96652,    19.93962
   00:025.560,     0.86915,    -0.95810,    20.14532
   00:025.580,     0.77876,    -0.96271,    20.28246
   00:025.600,     0.71963,    -0.97780,    20.37388
   00:025.620,     0.67704,    -0.99657,    20.43102
   00:025.640,     0.64804,    -1.01727,    20.46530
   00:025.660,     0.62922,    -1.03323,    20.49387
   00:025.680,     0.62709,    -1.03894,    20.51102
   00:025.700,     0.64731,    -1.03222,    20.51102
   00:025.720,     0.68313,    -1.01261,    20.49959
   00:025.740,     0.71651,    -0.98553,    20.47673
   00:025.760,     0.72311,    -0.96184,    20.44816
   00:025.780,     0.70002,    -0.94550,    20.43673
   00:025.800,     0.66369,    -0.93661,    20.44245
   00:025.820,     0.63066,    -0.93997,    20.46530
   00:025.840,     0.60566,    -0.94904,    20.48816
   00:025.860,     0.58865,    -0.94968,    20.48816
   00:025.880,     0.57739,    -0.93554,    20.51102
   00:025.900,     0.56957,    -0.91598,    20.51673
   00:025.920,     0.56284,    -0.89313,    20.52244
   00:025.940,     0.55804,    -0.86574,    20.52244
   00:025.960,     0.55517,    -0.83995,    20.52244
   00:025.980,     0.55208,    -0.81739,    20.51673
   00:026.000,     0.55058,    -0.79495,    20.51102
   00:026.020,     0.54878,    -0.76498,    20.52244
   00:026.040,     0.54652,    -0.72013,    20.51102
   00:026.060,     0.54598,    -0.65615,    20.51673
   00:026.080,     0.54594,    -0.56866,    20.51102
   00:026.100,     0.54466,    -0.44927,    20.51102
   00:026.120,     0.54375,    -0.28064,    20.49959
   00:026.140,     0.54263,     0.00000,    20.51102
   00:026.160,     0.54128,     0.28350,    20.52244
   00:026.180,     0.54059,     0.41704,    20.51102
   00:026.200,     0.53931,     0.53938,    20.49959
   00:026.220,     0.53924,     0.64183,    20.49387
   00:026.240,     0.53884,     0.73293,    20.51102
   00:026.260,     0.53706,     0.80055,    20.51102
   00:026.280,     0.53632,     0.84321,    20.51102
   00:026.300,     0.53739,     0.86557,    20.51102
   00:026.320,     0.53732,     0.88080,    20.51102
   00:026.340,     0.53662,     0.89517,    20.48816
   00:026.360,     0.53597,     0.90438,    20.49387
   00:026.380,     0.53467,     0.90742,    20.51102
   00:026.400,     0.53423,     0.90443,    20.49959
   00:026.420,     0.53347,     0.89766,    20.51102
   00:026.440,     0.53138,     0.88861,    20.51102
   00:026.460,     0.53052,     0.87983,    20.49959
   00:026.480,     0.53011,     0.86864,    20.51102
   00:026.500,     0.52991,     0.85995,    20.51102
   00:026.520,     0.53023,     0.86246,    20.51102
   00:026.540,     0.53042,     0.86809,    20.51102
   00:026.560,     0.53040,     0.86818,    20.50530
   00:026.580,     0.53150,     0.86613,    20.51102
   00:026.600,     0.53563,     0.84925,    20.51102
   00:026.620,     0.53751,     0.82045,    20.51102
   00:026.640,     0.53734,     0.79431,    20.51102
   00:026.660,     0.53580,     0.77521,    20.51102
   00:026.680,     0.53313,     0.75525,    20.49387
   00:026.700,     0.53269,     0.73582,    20.51102
   00:026.720,     0.53343,     0.70685,    20.51102
   00:026.740,     0.53433,     0.67609,    20.51673
   00:026.760,     0.53836,     0.66058,    20.51102
   00:026.780,     0.56234,     0.65485,    20.51673
   00:026.800,     0.63533,     0.64073,    20.49959
   00:026.820,     0.78679,     0.62947,    20.46530
   00:026.840,     1.02745,     0.62449,    20.36245
   00:026.860,     1.35088,     0.61305,    20.16818
   00:026.880,     1.72269,     0.60020,    19.91105
   00:026.900,     2.09029,     0.59316,    19.60249
   00:026.920,     2.42106,     0.59026,    19.28823
   00:026.940,     2.70983,     0.58534,    19.00824
   00:026.960,     2.96347,     0.57638,    18.77397
   00:026.980,     3.17649,     0.56622,    18.55112
   00:027.000,     3.34625,     0.55462,    18.38542
   00:027.020,     3.48957,     0.53926,    18.24828
   00:027.040,     3.61065,     0.52382,    18.13400
   00:027.060,     3.70988,     0.51370,    18.02544
   00:027.080,     3.79527,     0.50202,    17.94544
   00:027.100,     3.86569,     0.48583,    17.85973
   00:027.120,     3.92581,     0.47333,    17.77974
   00:027.140,     3.97977,     0.45935,    17.74545
   00:027.160,     4.02914,     0.44003,    17.69974
   00:027.180,     4.07002,     0.42841,    17.65403
   00:027.200,     4.10626,     0.42137,    17.63117
   00:027.220,     4.14226,     0.41394,    17.56832
   00:027.240,     4.17267,     0.40665,    17.53975
   00:027.260,     4.20204,     0.39735,    17.52261
   00:027.280,     4.23353,     0.39020,    17.49404
   00:027.300,     4.26166,     0.38286,    17.45404
   00:027.320,     4.28379,     0.37328,    17.44833
   00:027.340,     4.30617,     0.36108,    17.43118
   00:027.360,     4.33198,     0.34868,    17.39119
   00:027.380,     4.35432,     0.33952,    17.37976
   00:027.400,     4.37538,     0.32321,    17.35690
   00:027.420,     4.40089,     0.30681,    17.32262
   00:027.440,     4.42693,     0.29946,    17.29405
   00:027.460,     4.44819,     0.30321,    17.27691
   00:027.480,     4.46824,     0.31300,    17.27691
   00:027.500,     4.48978,     0.32764,    17.22548
   00:027.520,     4.51008,     0.35151,    17.20834
   00:027.540,     4.53091,     0.38260,    17.17977
   00:027.560,     4.55397,     0.41435,    17.15120
   00:027.580,     4.57545,     0.38596,    17.13977
   00:027.600,     4.59349,     0.21931,    17.11691
   00:027.620,     4.61696,     0.00000,    17.09406
   00:027.640,     4.64391,     0.00000,    17.06549
   00:027.660,     4.66255,     0.00000,    17.03692
   00:027.680,     4.68083,     0.00000,    17.01406
   00:027.700,     4.70228,     0.00000,    16.99692
   00:027.720,     4.72156,     0.00000,    16.95692
   00:027.740,     4.73828,     0.00000,    16.95692
   00:027.760,     4.75775,     0.00000,    16.93407
   00:027.780,     4.77672,     0.00000,    16.91121
   00:027.800,     4.79233,     0.00000,    16.89978
   00:027.820,     4.80854,     0.00000,    16.87693
   00:027.840,     4.82363,     0.00000,    16.85407
   00:027.860,     4.84031,     0.00000,    16.85407
   00:027.880,     4.85484,     0.00000,    16.83122
   00:027.900,     4.86916,     0.00000,    16.80836
   00:027.920,     4.88521,     0.00000,    16.79122
   00:027.940,     4.90535,     0.00000,    16.76836
   00:027.960,     4.92136,     0.00000,    16.74551
   00:027.980,     4.93538,     0.00000,    16.73979
   00:028.000,     4.94838,     0.00000,    16.72265
   00:028.020,     4.96449,     0.00000,    16.69979
   00:028.040,     4.98223,     0.00000,    16.67694
   00:028.060,     4.99649,     0.00000,    16.66551
   00:028.080,     5.01003,     0.00000,    16.62551
   00:028.100,     5.02420,     0.00000,    16.63694
   00:028.120,     5.03370,     0.00000,    16.60266
   00:028.140,     5.03644,     0.00000,    16.59123
   00:028.160,     5.03788,     0.00000,    16.60266
   00:028.180,     5.03906,     0.00000,    16.59123
   00:028.200,     5.03817,     0.00000,    16.60266
   00:028.220,     5.03562,     0.00000,    16.61409
   00:028.240,     5.02904,     0.00000,    16.60266
   00:028.260,     5.02250,     0.00000,    16.59123
   00:028.280,     5.01530,     0.00000,    16.60266
   00:028.300,     5.00880,     0.00000,    16.62551
   00:028.320,     5.00289,     0.00000,    16.63694
   00:028.340,     4.99856,     0.00000,    16.62551
   00:028.360,     4.99453,     0.00000,    16.64265
   00:028.380,     4.98783,     0.00000,    16.65408
   00:028.400,     4.98159,     0.00000,    16.64837
   00:028.420,     4.97765,     0.00000,    16.65980
   00:028.440,     4.97130,     0.00000,    16.67122
   00:028.460,     4.96285,     0.00000,    16.67122
   00:028.480,     4.95623,     0.00000,    16.67122
   00:028.500,     4.94647,     0.00000,    16.69408
   00:028.520,     4.92980,     0.00000,    16.69979
   00:028.540,     4.90490,     0.00000,    16.71694
   00:028.560,     4.87678,     0.00000,    16.71694
   00:028.580,     4.84715,     0.00000,    16.76265
   00:028.600,     4.81425,     0.00000,    16.77979
   00:028.620,     4.77398,     0.00000,    16.80836
   00:028.640,     4.72730,     0.00000,    16.83693
   00:028.660,     4.67404,     0.00000,    16.88264
   00:028.680,     4.61425,     0.00000,    16.91121
   00:028.700,     4.54973,     0.00000,    16.97978
   00:028.720,     4.47246,     0.00000,    17.03692
   00:028.740,     4.38058,    -0.16498,    17.10549
   00:028.760,     4.28206,    -0.25528,    17.17405
   00:028.780,     4.18021,    -0.36341,    17.25405
   00:028.800,     4.07453,    -0.46233,    17.35690
   00:028.820,     3.96997,    -0.53916,    17.45404
   00:028.840,     3.87788,    -0.60628,    17.55689
   00:028.860,     3.80975,    -0.66351,    17.63689
   00:028.880,     3.76979,    -0.72264,    17.68831
   00:028.900,     3.75578,    -0.78154,    17.74545
   00:028.920,     3.76249,    -0.83171,    17.75688
   00:028.940,     3.78176,    -0.86532,    17.73402
   00:028.960,     3.80615,    -0.88212,    17.73402
   00:028.980,     3.82495,    -0.88831,    17.72260
   00:029.000,     3.83417,    -0.88787,    17.70545
   00:029.020,     3.83181,    -0.89030,    17.69974
   00:029.040,     3.82351,    -0.89874,    17.69403
   00:029.060,     3.80844,    -0.91069,    17.71117
   00:029.080,     3.79280,    -0.92141,    17.72260
   00:029.100,     3.78226,    -0.92878,    17.73402
   00:029.120,     3.77122,    -0.93694,    17.73402
   00:029.140,     3.75563,    -0.94475,    17.74545
   00:029.160,     3.73244,    -0.94593,    17.76831
   00:029.180,     3.69156,    -0.94476,    17.78545
   00:029.200,     3.59753,    -0.95400,    17.82545
   00:029.220,     3.38138,    -0.97375,    17.88259
   00:029.240,     3.00656,    -0.98804,    18.04829
   00:029.260,     2.53014,    -0.99104,    18.33399
   00:029.280,     2.03017,    -0.99316,    18.73397
   00:029.300,     1.58250,    -0.99581,    19.15109
   00:029.320,     1.24636,    -0.99556,    19.57392
   00:029.340,     1.02214,    -0.99577,    19.91676
   00:029.360,     0.87703,    -1.00445,    20.11104
   00:029.380,     0.78252,    -1.02410,    20.25960
   00:029.400,     0.72085,    -1.04065,    20.33388
   00:029.420,     0.67846,    -1.04609,    20.40816
   00:029.440,     0.64994,    -1.04071,    20.43102
   00:029.460,     0.63149,    -1.03063,    20.46530
   00:029.480,     0.61717,    -1.02339,    20.48816
   00:029.500,     0.60683,    -1.01380,    20.48816
   00:029.520,     0.59820,    -0.99316,    20.48816
   00:029.540,     0.58753,    -0.97049,    20.51102
   00:029.560,     0.57982,    -0.95977,    20.49959
   00:029.580,     0.57433,    -0.95526,    20.51102
   00:029.600,     0.56927,    -0.94850,    20.51673
   00:029.620,     0.56558,    -0.94369,    20.49959
   00:029.640,     0.56312,    -0.94058,    20.51102
   00:029.660,     0.55974,    -0.92949,    20.51102
   00:029.680,     0.55809,    -0.90881,    20.49959
   00:029.700,     0.55665,    -0.88508,    20.49959
   00:029.720,     0.55597,    -0.86295,    20.49959
   00:029.740,     0.55523,    -0.83666,    20.51102
   00:029.760,     0.55486,    -0.80480,    20.51102
   00:029.780,     0.55574,    -0.77559,    20.51102
   00:029.800,     0.55645,    -0.74120,    20.47673
   00:029.820,     0.55880,    -0.69196,    20.49387
   00:029.840,     0.56246,    -0.62953,    20.49959
   00:029.860,     0.56761,    -0.55429,    20.47673
   00:029.880,     0.56834,    -0.47668,    20.47102
   00:029.900,     0.56414,    -0.38776,    20.47102
   00:029.920,     0.55935,    -0.25918,    20.47673
   00:029.940,     0.55460,     0.00000,    20.48816
   00:029.960,     0.55083,     0.20056,    20.49387
   00:029.980,     0.54846,     0.30423,    20.49959
   00:030.000,     0.54444,     0.40604,    20.47102
   00:030.020,     0.54284,     0.45536,    20.48816
   00:030.040,     0.54079,     0.45919,    20.49959
   00:030.060,     0.53741,     0.46013,    20.51102
   00:030.080,     0.53671,     0.47178,    20.49387
   00:030.100,     0.53578,     0.48212,    20.49959
   00:030.120,     0.53453,     0.48961,    20.49959
   00:030.140,     0.53381,     0.51305,    20.48816
   00:030.160,     0.53312,     0.55080,    20.49387
   00:030.180,     0.53229,     0.58893,    20.49959
   00:030.200,     0.53157,     0.61970,    20.49959
   00:030.220,     0.53160,     0.64980,    20.48816
   00:030.240,     0.53054,     0.68282,    20.49959
   00:030.260,     0.52940,     0.71062,    20.51102
   00:030.280,     0.52947,     0.73783,    20.49959
   00:030.300,     0.52994,     0.76535,    20.49959
   00:030.320,     0.52895,     0.80319,    20.49959
   00:030.340,     0.52873,     0.83781,    20.49959
   00:030.360,     0.52914,     0.85640,    20.51102
   00:030.380,     0.52946,     0.85952,    20.49959
   00:030.400,     0.53032,     0.85729,    20.50530
   00:030.420,     0.53049,     0.86217,    20.49959
   00:030.440,     0.52943,     0.86792,    20.51102
   00:030.460,     0.52909,     0.86439,    20.49959
   00:030.480,     0.52984,     0.85296,    20.49959
   00:030.500,     0.53069,     0.83919,    20.51102
   00:030.520,     0.53086,     0.83501,    20.51102
   00:030.540,     0.53016,     0.83500,    20.49959
   00:030.560,     0.52975,     0.83435,    20.51673
   00:030.580,     0.53153,     0.83761,    20.51102
   00:030.600,     0.53379,     0.83629,    20.49959
   00:030.620,     0.53634,     0.83258,    20.51102
   00:030.640,     0.54751,     0.82470,    20.51102
   00:030.660,     0.58410,     0.81869,    20.49959
   00:030.680,     0.66630,     0.81823,    20.47673
   00:030.700,     0.81522,     0.82413,    20.42531
   00:030.720,     1.04090,     0.83745,    20.31674
   00:030.740,     1.32640,     0.84296,    20.14532
   00:030.760,     1.64279,     0.84307,    19.92248
   00:030.780,     1.96272,     0.84850,    19.66535
   00:030.800,     2.26862,     0.84798,    19.37965
   00:030.820,     2.54691,     0.83520,    19.11681
   00:030.840,     2.78999,     0.81728,    18.87682
   00:030.860,     3.00223,     0.80749,    18.68826
   00:030.880,     3.18462,     0.80460,    18.49970
   00:030.900,     3.33929,     0.78767,    18.35113
   00:030.920,     3.47529,     0.75310,    18.23685
   00:030.940,     3.59783,     0.72776,    18.13400
   00:030.960,     3.70327,     0.71622,    18.01972
   00:030.980,     3.79733,     0.70968,    17.93401
   00:031.000,     3.88185,     0.70428,    17.85973
   00:031.020,     3.95605,     0.69401,    17.76831
   00:031.040,     4.02552,     0.67906,    17.70545
   00:031.060,     4.09216,     0.66782,    17.63117
   00:031.080,     4.15238,     0.65144,    17.57403
   00:031.100,     4.20712,     0.62778,    17.53975
   00:031.120,     4.25482,     0.61218,    17.47118
   00:031.140,     4.29810,     0.60744,    17.44833
   00:031.160,     4.33878,     0.59991,    17.40261
   00:031.180,     4.38064,     0.58311,    17.35690
   00:031.200,     4.42009,     0.55817,    17.31690
   00:031.220,     4.45420,     0.54449,    17.27691
   00:031.240,     4.48895,     0.54346,    17.26548
   00:031.260,     4.52626,     0.53911,    17.21405
   00:031.280,     4.55872,     0.52566,    17.18548
   00:031.300,     4.59019,     0.50931,    17.15691
   00:031.320,     4.62099,     0.49787,    17.11691
   00:031.340,     4.64677,     0.48416,    17.08263
   00:031.360,     4.67444,     0.46881,    17.06549
   00:031.380,     4.69826,     0.45604,    17.03692
   00:031.400,     4.72101,     0.44327,    17.00264
   00:031.420,     4.74613,     0.43081,    16.99121
   00:031.440,     4.76492,     0.42046,    16.99121
   00:031.460,     4.77879,     0.41336,    16.95692
   00:031.480,     4.79770,     0.40153,    16.93407
   00:031.500,     4.81864,     0.38913,    16.92264
   00:031.520,     4.83425,     0.37936,    16.89978
   00:031.540,     4.84987,     0.36817,    16.86550
   00:031.560,     4.86510,     0.36319,    16.86550
   00:031.580,     4.87917,     0.36538,    16.83122
   00:031.600,     4.89235,     0.36174,    16.82550
   00:031.620,     4.90571,     0.35534,    16.83122
   00:031.640,     4.91887,     0.35102,    16.80265
   00:031.660,     4.93374,     0.34699,    16.79122
   00:031.680,     4.94719,     0.34001,    16.78550
   00:031.700,     4.96177,     0.33045,    16.75122
   00:031.720,     4.97816,     0.31783,    16.73979
   00:031.740,     4.99211,     0.30823,    16.72836
   00:031.760,     5.00641,     0.30108,    16.68265
   00:031.780,     5.02504,     0.29185,    16.68265
   00:031.800,     5.03996,     0.29309,    16.65980
   00:031.820,     5.05306,     0.30056,    16.63694
   00:031.840,     5.06876,     0.29695,    16.62551
   00:031.860,     5.08477,     0.28600,    16.61409
   00:031.880,     5.09975,     0.28701,    16.59123
   00:031.900,     5.11475,     0.29657,    16.57980
   00:031.920,     5.12813,     0.30220,    16.55123
   00:031.940,     5.14318,     0.29698,    16.53409
   00:031.960,     5.15746,     0.28818,    16.51123
   00:031.980,     5.17056,     0.28178,    16.49981
   00:032.000,     5.18488,     0.27631,    16.48838
   00:032.020,     5.20003,     0.27223,    16.45981
   00:032.040,     5.21323,     0.26505,    16.44838
   00:032.060,     5.22546,     0.25567,    16.44267
   00:032.080,     5.23898,     0.25010,    16.41981
   00:032.100,     5.24896,     0.24910,    16.39695
   00:032.120,     5.26012,     0.24415,    16.39124
   00:032.140,     5.27155,     0.23072,    16.35696
   00:032.160,     5.28193,     0.21551,    16.35124
   00:032.180,     5.29578,     0.20518,    16.35124
   00:032.200,     5.30462,     0.19204,    16.33410
   00:032.220,     5.30899,     0.17314,    16.31124
   00:032.240,     5.32096,     0.15704,    16.29410
   00:032.260,     5.33526,     0.14492,    16.27696
   00:032.280,     5.34353,     0.12861,    16.27125
   00:032.300,     5.34866,     0.10714,    16.27125
   00:032.320,     5.35886,     0.07773,    16.24839
   00:032.340,     5.37101,     0.00000,    16.22553
   00:032.360,     5.37981,     0.00000,    16.22553
   00:032.380,     5.38960,     0.00000,    16.21411
   00:032.400,     5.39774,     0.00000,    16.19696
   00:032.420,     5.40537,    -0.14050,    16.20268
   00:032.440,     5.41594,    -0.18662,    16.17411
   00:032.460,     5.42467,    -0.23712,    16.16840
   00:032.480,     5.43175,    -0.29218,    16.15697
   00:032.500,     5.43922,    -0.34479,    16.14554
   00:032.520,     5.44703,    -0.39178,    16.12268
   00:032.540,     5.45873,    -0.43738,    16.11126
   00:032.560,     5.46920,    -0.48531,    16.11697
   00:032.580,     5.47265,    -0.53351,    16.09983
   00:032.600,     5.47888,    -0.58384,    16.07697
   00:032.620,     5.48969,    -0.63493,    16.07697
   00:032.640,     5.49701,    -0.69001,    16.05412
   00:032.660,     5.50271,    -0.74288,    16.04269
   00:032.680,     5.51003,    -0.78934,    16.03126
   00:032.700,     5.51878,    -0.83168,    16.01412
   00:032.720,     5.52416,    -0.87555,    16.00269
   00:032.740,     5.52896,    -0.92038,    15.99126
   00:032.760,     5.53126,    -0.95899,    15.98555
   00:032.780,     5.54031,    -0.98782,    15.98555
   00:032.800,     5.54674,    -1.00876,    15.96269
   00:032.820,     5.54636,    -1.02744,    15.96269
   00:032.840,     5.54717,    -1.04378,    15.93984
   00:032.860,     5.54068,    -1.05296,    15.96269
   00:032.880,     5.51839,    -1.05970,    15.95126
   00:032.900,     5.46275,    -1.07024,    15.98555
   00:032.920,     5.32413,    -1.07847,    16.03126
   00:032.940,     5.01468,    -1.07838,    16.14554
   00:032.960,     4.45581,    -1.07027,    16.39695
   00:032.980,     3.68787,    -1.05772,    16.86550
   00:033.000,     2.86292,    -1.04769,    17.52832
   00:033.020,     2.14599,    -1.04515,    18.27114
   00:033.040,     1.62147,    -1.04834,    18.96253
   00:033.060,     1.27356,    -1.05032,    19.50536
   00:033.080,     1.04627,    -1.04902,    19.87105
   00:033.100,     0.89818,    -1.04942,    20.09961
   00:033.120,     0.80205,    -1.05661,    20.27103
   00:033.140,     0.73636,    -1.06569,    20.35102
   00:033.160,     0.69039,    -1.06798,    20.41959
   00:033.180,     0.66220,    -1.06282,    20.44245
   00:033.200,     0.64349,    -1.05096,    20.47102
   00:033.220,     0.62931,    -1.03182,    20.49959
   00:033.240,     0.61810,    -1.00729,    20.51102
   00:033.260,     0.60860,    -0.98332,    20.51102
   00:033.280,     0.60129,    -0.95911,    20.49387
   00:033.300,     0.59378,    -0.93530,    20.52244
   00:033.320,     0.58773,    -0.92436,    20.53387
   00:033.340,     0.58166,    -0.93429,    20.51102
   00:033.360,     0.57713,    -0.95247,    20.52816
   00:033.380,     0.57406,    -0.97227,    20.52244
   00:033.400,     0.57098,    -0.99377,    20.51102
   00:033.420,     0.56789,    -1.00582,    20.51673
   00:033.440,     0.56496,    -0.99608,    20.51102
   00:033.460,     0.56346,    -0.97236,    20.49387
   00:033.480,     0.56137,    -0.94639,    20.52244
   00:033.500,     0.55845,    -0.91520,    20.48816
   00:033.520,     0.55765,    -0.87702,    20.49959
   00:033.540,     0.55688,    -0.83356,    20.51102
   00:033.560,     0.55516,    -0.79347,    20.49387
   00:033.580,     0.55267,    -0.76186,    20.48816
   00:033.600,     0.55075,    -0.73487,    20.48816
   00:033.620,     0.55027,    -0.70527,    20.48816
   00:033.640,     0.54945,    -0.66609,    20.48816
   00:033.660,     0.54855,    -0.62363,    20.51102
   00:033.680,     0.54701,    -0.57915,    20.47673
   00:033.700,     0.54585,    -0.52040,    20.48816
   00:033.720,     0.54453,    -0.45434,    20.48816
   00:033.740,     0.54323,    -0.39856,    20.48816
   00:033.760,     0.54416,    -0.34899,    20.48816
   00:033.780,     0.54372,    -0.27296,    20.47673
   00:033.800,     0.54073,    -0.17200,    20.48245
   00:033.820,     0.53959,     0.00000,    20.47673
   00:033.840,     0.54108,     0.00000,    20.49959
   00:033.860,     0.54095,     0.16004,    20.48816
   00:033.880,     0.53966,     0.21400,    20.48245
   00:033.900,     0.54020,     0.27580,    20.48816
   00:033.920,     0.53937,     0.32713,    20.48245
   00:033.940,     0.53801,     0.36232,    20.48816
   00:033.960,     0.53697,     0.39156,    20.48816
   00:033.980,     0.53726,     0.41077,    20.48816
   00:034.000,     0.53711,     0.42295,    20.48816
   00:034.020,     0.53617,     0.43797,    20.49387
   00:034.040,     0.53632,     0.46306,    20.48816
   00:034.060,     0.53494,     0.49476,    20.48245
   00:034.080,     0.53489,     0.52772,    20.48816
   00:034.100,     0.53460,     0.55559,    20.49387
   00:034.120,     0.53297,     0.59185,    20.49387
   00:034.140,     0.53237,     0.63148,    20.49959
   00:034.160,     0.53130,     0.66815,    20.48816
   00:034.180,     0.53194,     0.70251,    20.49959
   00:034.200,     0.53286,     0.73165,    20.49387
   00:034.220,     0.53209,     0.74850,    20.49959
   00:034.240,     0.53096,     0.75600,    20.51102
   00:034.260,     0.53081,     0.76149,    20.48816
   00:034.280,     0.53156,     0.76203,    20.51102
   00:034.300,     0.53152,     0.76010,    20.48816
   00:034.320,     0.53209,     0.76571,    20.49387
   00:034.340,     0.53368,     0.78746,    20.49959
   00:034.360,     0.53516,     0.80804,    20.48816
   00:034.380,     0.53450,     0.80851,    20.48816
   00:034.400,     0.53245,     0.80211,    20.50530
   00:034.420,     0.53094,     0.79219,    20.49959
   00:034.440,     0.53165,     0.77660,    20.49959
   00:034.460,     0.53346,     0.76312,    20.51673
   00:034.480,     0.53406,     0.75841,    20.51102
   00:034.500,     0.53420,     0.76458,    20.51102
   00:034.520,     0.53526,     0.77233,    20.51102
   00:034.540,     0.53922,     0.77510,    20.51102
   00:034.560,     0.55363,     0.77376,    20.51102
   00:034.580,     0.58989,     0.76651,    20.48816
   00:034.600,     0.66753,     0.75444,    20.48816
   00:034.620,     0.80356,     0.74265,    20.42531
   00:034.640,     1.00534,     0.73878,    20.33960
   00:034.660,     1.26505,     0.73350,    20.19103
   00:034.680,     1.56050,     0.71769,    19.97390
   00:034.700,     1.86909,     0.70615,    19.73392
   00:034.720,     2.17508,     0.69059,    19.48250
   00:034.740,     2.45661,     0.67053,    19.25394
   00:034.760,     2.70421,     0.66449,    19.00253
   00:034.780,     2.92428,     0.66598,    18.77968
   00:034.800,     3.11305,     0.66220,    18.60255
   00:034.820,     3.27437,     0.64880,    18.45970
   00:034.840,     3.41369,     0.63584,    18.33971
   00:034.860,     3.53298,     0.63497,    18.20257
   00:034.880,     3.63426,     0.63584,    18.11115
   00:034.900,     3.72351,     0.62682,    18.03115
   00:034.920,     3.80114,     0.61984,    17.95116
   00:034.940,     3.86777,     0.61288,    17.88259
   00:034.960,     3.92669,     0.60003,    17.82545
   00:034.980,     3.97927,     0.59284,    17.76259
   00:035.000,     4.02710,     0.58518,    17.72260
   00:035.020,     4.06952,     0.57443,    17.65974
   00:035.040,     4.11225,     0.55936,    17.63117
   00:035.060,     4.15393,     0.54589,    17.59689
   00:035.080,     4.19224,     0.53461,    17.53975
   00:035.100,     4.22698,     0.51805,    17.52261
   00:035.120,     4.25870,     0.50133,    17.48832
   00:035.140,     4.29235,     0.48502,    17.44833
   00:035.160,     4.32885,     0.46285,    17.42547
   00:035.180,     4.36321,     0.45031,    17.37976
   00:035.200,     4.39592,     0.45768,    17.35690
   00:035.220,     4.43062,     0.45861,    17.32262
   00:035.240,     4.46473,     0.44906,    17.27691
   00:035.260,     4.49368,     0.44415,    17.26548
   00:035.280,     4.51967,     0.44034,    17.23119
   00:035.300,     4.55075,     0.43187,    17.20262
   00:035.320,     4.57570,     0.42174,    17.17405
   00:035.340,     4.60105,     0.41671,    17.15120
   00:035.360,     4.62490,     0.41410,    17.13406
   00:035.380,     4.64758,     0.40868,    17.09406
<WFATester Table End>
