<WFATester Graph 1.00 4,0.000,60.000,0,-10.000,10.000,-10.000,10.000,0,0.000,100.000,0.000,100.000>
<WFATester Table 1.00  1720,4,0,12,5,t,1,12,5,f,2,12,5,f,5,12,5,f>
        Temps,        CO2%,        Flow,         O2%
   00:000.000,     0.00000,    -0.33155,    13.70218
   00:000.020,     0.00000,    -0.34473,    13.69098
   00:000.040,     0.00000,    -0.34789,    13.69098
   00:000.060,     0.00000,    -0.35400,    13.66857
   00:000.080,     0.00000,    -0.36395,    13.67417
   00:000.100,     5.59999,    -0.43959,    13.66857
   00:000.120,     5.59704,    -0.46001,    13.62936
   00:000.140,     5.61348,    -0.47871,    13.63496
   00:000.160,     5.60414,    -0.49816,    13.63496
   00:000.180,     5.60210,    -0.51342,    13.63496
   00:000.200,     5.60687,    -0.52700,    13.65176
   00:000.220,     5.60112,    -0.54583,    13.65737
   00:000.240,     5.60016,    -0.56320,    13.64056
   00:000.260,     5.59388,    -0.57354,    13.64056
   00:000.280,     5.56312,    -0.58997,    13.65176
   00:000.300,     5.51543,    -0.61234,    13.65176
   00:000.320,     5.47682,    -0.62454,    13.69098
   00:000.340,     5.44392,    -0.63931,    13.76381
   00:000.360,     5.38070,    -0.66688,    13.81983
   00:000.380,     5.20781,    -0.67952,    13.85904
   00:000.400,     4.80991,    -0.65768,    13.98228
   00:000.420,     4.16922,    -0.61838,    14.27359
   00:000.440,     3.34514,    -0.58819,    14.86741
   00:000.460,     2.45053,    -0.58617,    15.80855
   00:000.480,     1.69210,    -0.60832,    17.00738
   00:000.500,     1.16704,    -0.63478,    18.25103
   00:000.520,     0.82856,    -0.65436,    19.27060
   00:000.540,     0.60719,    -0.66192,    19.94285
   00:000.560,     0.46094,    -0.65233,    20.32379
   00:000.580,     0.36528,    -0.62603,    20.53666
   00:000.600,     0.30137,    -0.60403,    20.65991
   00:000.620,     0.25809,    -0.60703,    20.71593
   00:000.640,     0.22795,    -0.62252,    20.75514
   00:000.660,     0.20695,    -0.63313,    20.79996
   00:000.680,     0.19095,    -0.63637,    20.79436
   00:000.700,     0.17750,    -0.62834,    20.79996
   00:000.720,     0.16946,    -0.61085,    20.81116
   00:000.740,     0.16250,    -0.60464,    20.81677
   00:000.760,     0.15458,    -0.61938,    20.79436
   00:000.780,     0.14952,    -0.63926,    20.80556
   00:000.800,     0.14669,    -0.65357,    20.79436
   00:000.820,     0.14099,    -0.65688,    20.78315
   00:000.840,     0.13714,    -0.64660,    20.77195
   00:000.860,     0.13380,    -0.62559,    20.77755
   00:000.880,     0.12935,    -0.60471,    20.77195
   00:000.900,     0.12665,    -0.58927,    20.77195
   00:000.920,     0.12422,    -0.57469,    20.76075
   00:000.940,     0.12169,    -0.55885,    20.74954
   00:000.960,     0.12070,    -0.54465,    20.74954
   00:000.980,     0.11906,    -0.53762,    20.75514
   00:001.000,     0.11573,    -0.53529,    20.72713
   00:001.020,     0.11505,    -0.52771,    20.72153
   00:001.040,     0.11458,    -0.51488,    20.72713
   00:001.060,     0.11365,    -0.50629,    20.72153
   00:001.080,     0.11146,    -0.50518,    20.72713
   00:001.100,     0.11054,    -0.50154,    20.71593
   00:001.120,     0.11021,    -0.48199,    20.72713
   00:001.140,     0.10765,    -0.44453,    20.70473
   00:001.160,     0.10683,    -0.40533,    20.70473
   00:001.180,     0.10613,    -0.39261,    20.71593
   00:001.200,     0.10496,    -0.40993,    20.71033
   00:001.220,     0.10482,    -0.42183,    20.71033
   00:001.240,     0.10324,    -0.40221,    20.70473
   00:001.260,     0.10250,    -0.36526,    20.72713
   00:001.280,     0.10347,    -0.33206,    20.71593
   00:001.300,     0.10357,    -0.29932,    20.70473
   00:001.320,     0.10224,    -0.28088,    20.70473
   00:001.340,     0.10176,    -0.28722,    20.70473
   00:001.360,     0.10300,    -0.28396,    20.71033
   00:001.380,     0.10306,    -0.25902,    20.70473
   00:001.400,     0.10203,    -0.22996,    20.71033
   00:001.420,     0.10374,    -0.20301,    20.70473
   00:001.440,     0.10707,    -0.17296,    20.71033
   00:001.460,     0.11040,    -0.12670,    20.71033
   00:001.480,     0.12021,     0.00000,    20.70473
   00:001.500,     0.13517,     0.00000,    20.68792
   00:001.520,     0.14755,     0.10775,    20.67111
   00:001.540,     0.15403,     0.13136,    20.67111
   00:001.560,     0.15323,     0.18449,    20.65991
   00:001.580,     0.14744,     0.23786,    20.65991
   00:001.600,     0.14193,     0.26102,    20.65991
   00:001.620,     0.13751,     0.25981,    20.65991
   00:001.640,     0.13462,     0.25672,    20.67111
   00:001.660,     0.13270,     0.26658,    20.65991
   00:001.680,     0.13174,     0.28250,    20.67111
   00:001.700,     0.13195,     0.27758,    20.68232
   00:001.720,     0.13179,     0.25205,    20.68792
   00:001.740,     0.13126,     0.23153,    20.68232
   00:001.760,     0.13080,     0.23097,    20.67111
   00:001.780,     0.13063,     0.24669,    20.68232
   00:001.800,     0.12997,     0.26887,    20.69352
   00:001.820,     0.12884,     0.29085,    20.68232
   00:001.840,     0.13042,     0.30928,    20.68792
   00:001.860,     0.13115,     0.32334,    20.68232
   00:001.880,     0.12481,     0.33447,    20.67111
   00:001.900,     0.11896,     0.34263,    20.68792
   00:001.920,     0.11463,     0.35558,    20.70473
   00:001.940,     0.11229,     0.37006,    20.70473
   00:001.960,     0.11403,     0.37862,    20.70473
   00:001.980,     0.11649,     0.37782,    20.70473
   00:002.000,     0.11744,     0.37658,    20.71033
   00:002.020,     0.11703,     0.38015,    20.71593
   00:002.040,     0.11644,     0.38648,    20.69352
   00:002.060,     0.11662,     0.39394,    20.70473
   00:002.080,     0.11685,     0.39654,    20.68232
   00:002.100,     0.11840,     0.39518,    20.70473
   00:002.120,     0.12211,     0.39527,    20.70473
   00:002.140,     0.13014,     0.40677,    20.69352
   00:002.160,     0.13971,     0.42194,    20.69352
   00:002.180,     0.14716,     0.42821,    20.68232
   00:002.200,     0.15114,     0.42865,    20.68232
   00:002.220,     0.15370,     0.42971,    20.66551
   00:002.240,     0.15633,     0.42345,    20.65991
   00:002.260,     0.15917,     0.40352,    20.65991
   00:002.280,     0.16614,     0.37781,    20.65991
   00:002.300,     0.18177,     0.35410,    20.67111
   00:002.320,     0.21420,     0.32463,    20.66551
   00:002.340,     0.28393,     0.30886,    20.63190
   00:002.360,     0.41220,     0.31772,    20.57588
   00:002.380,     0.59487,     0.33530,    20.48064
   00:002.400,     0.79650,     0.35381,    20.25656
   00:002.420,     0.98194,     0.36096,    19.95405
   00:002.440,     1.16421,     0.35206,    19.65714
   00:002.460,     1.39620,     0.33837,    19.38265
   00:002.480,     1.68147,     0.32386,    19.09134
   00:002.500,     1.97353,     0.31338,    18.73281
   00:002.520,     2.26174,     0.30470,    18.30705
   00:002.540,     2.56288,     0.30245,    17.88690
   00:002.560,     2.85625,     0.31916,    17.46675
   00:002.580,     3.11904,     0.33424,    17.02419
   00:002.600,     3.35421,     0.32615,    16.63205
   00:002.620,     3.56786,     0.30435,    16.31273
   00:002.640,     3.77300,     0.28876,    16.02142
   00:002.660,     3.96855,     0.27642,    15.77494
   00:002.680,     4.13932,     0.26783,    15.52845
   00:002.700,     4.28112,     0.25914,    15.31557
   00:002.720,     4.40027,     0.24464,    15.13070
   00:002.740,     4.51412,     0.23523,    14.99065
   00:002.760,     4.62647,     0.23293,    14.85620
   00:002.780,     4.71849,     0.23321,    14.74416
   00:002.800,     4.79463,     0.23064,    14.65453
   00:002.820,     4.86770,     0.23277,    14.54809
   00:002.840,     4.93138,     0.23226,    14.48087
   00:002.860,     4.97913,     0.22964,    14.41364
   00:002.880,     5.01551,     0.22908,    14.35202
   00:002.900,     5.05019,     0.22372,    14.32961
   00:002.920,     5.08434,     0.21625,    14.29600
   00:002.940,     5.10860,     0.21161,    14.27359
   00:002.960,     5.12834,     0.20760,    14.25118
   00:002.980,     5.14813,     0.20115,    14.21757
   00:003.000,     5.16544,     0.19985,    14.20637
   00:003.020,     5.17929,     0.20292,    14.20637
   00:003.040,     5.18985,     0.19673,    14.19516
   00:003.060,     5.19873,     0.19019,    14.18396
   00:003.080,     5.20827,     0.18681,    14.20637
   00:003.100,     5.21799,     0.18373,    14.20637
   00:003.120,     5.22530,     0.18017,    14.21757
   00:003.140,     5.23135,     0.17234,    14.22877
   00:003.160,     5.23588,     0.16794,    14.21757
   00:003.180,     5.23913,     0.17264,    14.23998
   00:003.200,     5.24385,     0.17977,    14.22877
   00:003.220,     5.25569,     0.18571,    14.22877
   00:003.240,     5.27289,     0.19138,    14.22877
   00:003.260,     5.29400,     0.18856,    14.20637
   00:003.280,     5.31314,     0.17865,    14.16155
   00:003.300,     5.33130,     0.17218,    14.13914
   00:003.320,     5.34479,     0.16096,    14.11673
   00:003.340,     5.35678,     0.12835,    14.05511
   00:003.360,     5.37055,     0.09188,    14.03270
   00:003.380,     5.37979,     0.10622,    14.00469
   00:003.400,     5.38584,     0.13995,    13.98228
   00:003.420,     5.39178,     0.15634,    13.96548
   00:003.440,     5.39754,     0.15519,    13.97108
   00:003.460,     5.40847,     0.15246,    13.94867
   00:003.480,     5.42148,     0.14953,    13.91506
   00:003.500,     5.43192,     0.14191,    13.90386
   00:003.520,     5.43421,     0.12395,    13.89265
   00:003.540,     5.43404,     0.10699,    13.88145
   00:003.560,     5.43681,     0.10948,    13.87585
   00:003.580,     5.44122,     0.12551,    13.89265
   00:003.600,     5.44394,     0.14187,    13.89825
   00:003.620,     5.44745,     0.13887,    13.89265
   00:003.640,     5.44979,     0.11929,    13.89265
   00:003.660,     5.45238,     0.10787,    13.88145
   00:003.680,     5.45435,     0.10300,    13.89265
   00:003.700,     5.45349,     0.09030,    13.88145
   00:003.720,     5.45356,     0.00000,    13.87585
   00:003.740,     5.45836,     0.00000,    13.88145
   00:003.760,     5.46579,     0.00000,    13.90386
   00:003.780,     5.46944,    -0.14672,    13.89265
   00:003.800,     5.47559,    -0.18392,    13.88145
   00:003.820,     5.47940,    -0.21906,    13.85904
   00:003.840,     5.48072,    -0.24532,    13.85904
   00:003.860,     5.48168,    -0.26065,    13.84784
   00:003.880,     5.48470,    -0.27442,    13.84784
   00:003.900,     5.48934,    -0.29554,    13.84784
   00:003.920,     5.49098,    -0.31743,    13.83103
   00:003.940,     5.49610,    -0.33317,    13.82543
   00:003.960,     5.49824,    -0.34521,    13.81983
   00:003.980,     5.50028,    -0.36212,    13.80862
   00:004.000,     5.50149,    -0.38467,    13.81422
   00:004.020,     5.50487,    -0.40427,    13.80862
   00:004.040,     5.51167,    -0.41243,    13.80302
   00:004.060,     5.51647,    -0.41815,    13.78621
   00:004.080,     5.52114,    -0.43051,    13.76381
   00:004.100,     5.52647,    -0.44287,    13.75820
   00:004.120,     5.53182,    -0.44944,    13.74700
   00:004.140,     5.53364,    -0.45598,    13.73579
   00:004.160,     5.53362,    -0.47047,    13.72459
   00:004.180,     5.53260,    -0.48788,    13.73019
   00:004.200,     5.50956,    -0.49901,    13.70218
   00:004.220,     5.45238,    -0.50137,    13.71339
   00:004.240,     5.38257,    -0.51074,    13.75820
   00:004.260,     5.31760,    -0.53030,    13.83663
   00:004.280,     5.16496,    -0.54487,    13.92626
   00:004.300,     4.79819,    -0.55677,    14.02710
   00:004.320,     4.13513,    -0.57684,    14.29600
   00:004.340,     3.21408,    -0.59346,    14.87301
   00:004.360,     2.29189,    -0.60028,    15.84216
   00:004.380,     1.58896,    -0.62030,    17.14183
   00:004.400,     1.11869,    -0.65004,    18.39669
   00:004.420,     0.80968,    -0.65447,    19.32102
   00:004.440,     0.60737,    -0.63378,    19.92044
   00:004.460,     0.47967,    -0.60898,    20.27337
   00:004.480,     0.39265,    -0.58725,    20.45824
   00:004.500,     0.32823,    -0.57544,    20.55907
   00:004.520,     0.27941,    -0.57770,    20.64310
   00:004.540,     0.24556,    -0.58204,    20.68792
   00:004.560,     0.22032,    -0.58225,    20.72153
   00:004.580,     0.19986,    -0.58282,    20.74954
   00:004.600,     0.18629,    -0.57295,    20.76635
   00:004.620,     0.17593,    -0.53674,    20.77755
   00:004.640,     0.16593,    -0.48927,    20.78315
   00:004.660,     0.15831,    -0.46321,    20.78315
   00:004.680,     0.15361,    -0.47044,    20.76075
   00:004.700,     0.14934,    -0.49053,    20.77195
   00:004.720,     0.14489,    -0.50006,    20.74954
   00:004.740,     0.14284,    -0.49543,    20.74954
   00:004.760,     0.14316,    -0.49455,    20.74954
   00:004.780,     0.14320,    -0.50791,    20.73274
   00:004.800,     0.14358,    -0.51756,    20.71593
   00:004.820,     0.14719,    -0.50625,    20.71033
   00:004.840,     0.15146,    -0.47742,    20.70473
   00:004.860,     0.15175,    -0.44142,    20.67671
   00:004.880,     0.14881,    -0.40843,    20.67111
   00:004.900,     0.14799,    -0.38847,    20.67111
   00:004.920,     0.15369,    -0.37555,    20.66551
   00:004.940,     0.15948,    -0.36263,    20.66551
   00:004.960,     0.16036,    -0.35506,    20.65991
   00:004.980,     0.15668,    -0.35710,    20.64310
   00:005.000,     0.14913,    -0.36216,    20.64310
   00:005.020,     0.14035,    -0.35846,    20.63190
   00:005.040,     0.13344,    -0.34625,    20.64870
   00:005.060,     0.12756,    -0.33197,    20.65991
   00:005.080,     0.12315,    -0.31382,    20.67111
   00:005.100,     0.12008,    -0.28307,    20.67111
   00:005.120,     0.11662,    -0.23082,    20.68232
   00:005.140,     0.11510,    -0.14687,    20.68232
   00:005.160,     0.11425,     0.00000,    20.67111
   00:005.180,     0.11303,     0.13880,    20.68232
   00:005.200,     0.11073,     0.17220,    20.67671
   00:005.220,     0.10867,     0.21473,    20.67111
   00:005.240,     0.10806,     0.25194,    20.68792
   00:005.260,     0.10624,     0.26766,    20.68232
   00:005.280,     0.10549,     0.27021,    20.68232
   00:005.300,     0.10559,     0.26955,    20.67111
   00:005.320,     0.10558,     0.26217,    20.68792
   00:005.340,     0.10469,     0.24611,    20.69352
   00:005.360,     0.10328,     0.23375,    20.68232
   00:005.380,     0.10223,     0.22964,    20.69352
   00:005.400,     0.10298,     0.22732,    20.68232
   00:005.420,     0.10244,     0.22750,    20.68792
   00:005.440,     0.10162,     0.24360,    20.68232
   00:005.460,     0.10148,     0.27453,    20.68232
   00:005.480,     0.10068,     0.31038,    20.68232
   00:005.500,     0.09940,     0.33286,    20.70473
   00:005.520,     0.09957,     0.33950,    20.70473
   00:005.540,     0.10083,     0.33635,    20.69352
   00:005.560,     0.10155,     0.33392,    20.70473
   00:005.580,     0.10033,     0.33647,    20.69912
   00:005.600,     0.10043,     0.34098,    20.70473
   00:005.620,     0.10188,     0.35257,    20.69352
   00:005.640,     0.10238,     0.37460,    20.69352
   00:005.660,     0.10275,     0.39533,    20.69352
   00:005.680,     0.10359,     0.40219,    20.70473
   00:005.700,     0.10355,     0.39326,    20.69352
   00:005.720,     0.10283,     0.38714,    20.71033
   00:005.740,     0.10422,     0.39157,    20.69352
   00:005.760,     0.10704,     0.38725,    20.68792
   00:005.780,     0.11390,     0.37473,    20.69352
   00:005.800,     0.12512,     0.36506,    20.68792
   00:005.820,     0.13504,     0.36241,    20.67111
   00:005.840,     0.14208,     0.36808,    20.68232
   00:005.860,     0.14830,     0.38163,    20.65991
   00:005.880,     0.15370,     0.39314,    20.63750
   00:005.900,     0.15818,     0.40602,    20.63750
   00:005.920,     0.16283,     0.42125,    20.63750
   00:005.940,     0.16906,     0.43023,    20.63750
   00:005.960,     0.17820,     0.43070,    20.62630
   00:005.980,     0.19957,     0.43015,    20.62630
   00:006.000,     0.24358,     0.42859,    20.61509
   00:006.020,     0.31843,     0.41669,    20.58148
   00:006.040,     0.42268,     0.40324,    20.52546
   00:006.060,     0.54745,     0.39598,    20.40222
   00:006.080,     0.69562,     0.39325,    20.23415
   00:006.100,     0.87511,     0.39541,    20.05489
   00:006.120,     1.09669,     0.40899,    19.79720
   00:006.140,     1.34809,     0.42372,    19.51709
   00:006.160,     1.60199,     0.43582,    19.18097
   00:006.180,     1.86571,     0.44574,    18.80003
   00:006.200,     2.16567,     0.44815,    18.41910
   00:006.220,     2.49496,     0.44812,    18.01575
   00:006.240,     2.81363,     0.45212,    17.55638
   00:006.260,     3.09599,     0.46231,    17.07461
   00:006.280,     3.34064,     0.47698,    16.62644
   00:006.300,     3.56364,     0.49251,    16.24551
   00:006.320,     3.77959,     0.50313,    15.95420
   00:006.340,     3.98547,     0.50541,    15.66289
   00:006.360,     4.17798,     0.50668,    15.41641
   00:006.380,     4.35376,     0.50097,    15.15871
   00:006.400,     4.51075,     0.48380,    14.92343
   00:006.420,     4.64138,     0.47820,    14.71615
   00:006.440,     4.74370,     0.48930,    14.57610
   00:006.460,     4.82242,     0.50799,    14.45286
   00:006.480,     4.89039,     0.51994,    14.36322
   00:006.500,     4.95515,     0.51048,    14.30160
   00:006.520,     5.01152,     0.49189,    14.26239
   00:006.540,     5.05731,     0.48565,    14.21757
   00:006.560,     5.09334,     0.48240,    14.18396
   00:006.580,     5.12527,     0.48276,    14.16155
   00:006.600,     5.15346,     0.50179,    14.14474
   00:006.620,     5.17995,     0.54098,    14.11673
   00:006.640,     5.21072,     0.59132,    14.10553
   00:006.660,     5.24199,     0.63012,    14.10553
   00:006.680,     5.27250,     0.64296,    14.07192
   00:006.700,     5.29582,     0.63974,    14.04951
   00:006.720,     5.31492,     0.63025,    14.02710
   00:006.740,     5.34275,     0.63144,    14.00469
   00:006.760,     5.37390,     0.63712,    13.97108
   00:006.780,     5.39821,     0.63833,    13.93747
   00:006.800,     5.41687,     0.63503,    13.91506
   00:006.820,     5.43689,     0.62334,    13.87024
   00:006.840,     5.45729,     0.60329,    13.85904
   00:006.860,     5.47101,     0.57602,    13.84784
   00:006.880,     5.48885,     0.54053,    13.80302
   00:006.900,     5.50660,     0.50624,    13.79182
   00:006.920,     5.52330,     0.48191,    13.76381
   00:006.940,     5.53718,     0.45546,    13.74700
   00:006.960,     5.54700,     0.41967,    13.71339
   00:006.980,     5.55883,     0.38613,    13.69658
   00:007.000,     5.56821,     0.35569,    13.71339
   00:007.020,     5.57156,     0.33717,    13.69658
   00:007.040,     5.57374,     0.32533,    13.68538
   00:007.060,     5.57777,     0.30645,    13.67977
   00:007.080,     5.57898,     0.28927,    13.69658
   00:007.100,     5.57939,     0.28062,    13.69098
   00:007.120,     5.58666,     0.27037,    13.71339
   00:007.140,     5.59872,     0.26456,    13.71339
   00:007.160,     5.60727,     0.27505,    13.71339
   00:007.180,     5.61854,     0.29397,    13.69658
   00:007.200,     5.63547,     0.30902,    13.66857
   00:007.220,     5.64888,     0.31725,    13.63496
   00:007.240,     5.66532,     0.31544,    13.60695
   00:007.260,     5.68636,     0.29881,    13.57894
   00:007.280,     5.70579,     0.27242,    13.53972
   00:007.300,     5.71669,     0.23015,    13.50051
   00:007.320,     5.72739,     0.16840,    13.45009
   00:007.340,     5.74372,     0.09562,    13.40527
   00:007.360,     5.75195,     0.00000,    13.38287
   00:007.380,     5.75514,    -0.16175,    13.36046
   00:007.400,     5.76123,    -0.21387,    13.36046
   00:007.420,     5.76358,    -0.24156,    13.33805
   00:007.440,     5.76148,    -0.23045,    13.34365
   00:007.460,     5.76216,    -0.18658,    13.33805
   00:007.480,     5.76630,    -0.13665,    13.34365
   00:007.500,     5.76850,    -0.10415,    13.34365
   00:007.520,     5.77268,    -0.08430,    13.34365
   00:007.540,     5.77734,     0.00000,    13.33805
   00:007.560,     5.77764,     0.00000,    13.34365
   00:007.580,     5.77867,     0.00000,    13.33245
   00:007.600,     5.77851,     0.00000,    13.33245
   00:007.620,     5.78048,     0.10619,    13.34365
   00:007.640,     5.78353,     0.11234,    13.33245
   00:007.660,     5.78523,     0.10940,    13.33245
   00:007.680,     5.78274,     0.09957,    13.33805
   00:007.700,     5.78085,     0.09225,    13.33245
   00:007.720,     5.78370,     0.08992,    13.32685
   00:007.740,     5.78510,     0.08330,    13.33245
   00:007.760,     5.78351,     0.00000,    13.34365
   00:007.780,     5.78397,     0.00000,    13.33245
   00:007.800,     5.77583,     0.00000,    13.33245
   00:007.820,     5.72489,    -0.15340,    13.33805
   00:007.840,     5.62253,    -0.21820,    13.35486
   00:007.860,     5.52319,    -0.27760,    13.44449
   00:007.880,     5.43770,    -0.32825,    13.58454
   00:007.900,     5.28648,    -0.37646,    13.73579
   00:007.920,     4.93712,    -0.41750,    13.87024
   00:007.940,     4.31727,    -0.45358,    14.11673
   00:007.960,     3.57875,    -0.48087,    14.70495
   00:007.980,     2.95146,    -0.50351,    15.61248
   00:008.000,     2.51946,    -0.52328,    16.63205
   00:008.020,     2.24778,    -0.53717,    17.47795
   00:008.040,     2.16084,    -0.54181,    18.03816
   00:008.060,     2.36341,    -0.54516,    18.34627
   00:008.080,     2.84317,    -0.55917,    18.32946
   00:008.100,     3.39362,    -0.58640,    17.84209
   00:008.120,     3.78930,    -0.61789,    17.00738
   00:008.140,     3.98327,    -0.64324,    16.17828
   00:008.160,     4.05703,    -0.65212,    15.65169
   00:008.180,     4.08469,    -0.64700,    15.44442
   00:008.200,     4.09759,    -0.64125,    15.42201
   00:008.220,     4.12267,    -0.64218,    15.45002
   00:008.240,     4.15370,    -0.65525,    15.46122
   00:008.260,     4.12443,    -0.67393,    15.42201
   00:008.280,     3.95132,    -0.68158,    15.39400
   00:008.300,     3.62593,    -0.69185,    15.47243
   00:008.320,     3.27210,    -0.72924,    15.78054
   00:008.340,     2.92494,    -0.77023,    16.27352
   00:008.360,     2.48685,    -0.77863,    16.80571
   00:008.380,     1.98817,    -0.75454,    17.35471
   00:008.400,     1.55642,    -0.72491,    18.01575
   00:008.420,     1.25256,    -0.71581,    18.68799
   00:008.440,     1.07369,    -0.72959,    19.24259
   00:008.460,     0.98874,    -0.74509,    19.61233
   00:008.480,     0.94704,    -0.74634,    19.78599
   00:008.500,     0.92080,    -0.74035,    19.85322
   00:008.520,     0.90873,    -0.73439,    19.85882
   00:008.540,     0.90087,    -0.72532,    19.85322
   00:008.560,     0.87341,    -0.71161,    19.85322
   00:008.580,     0.81559,    -0.69847,    19.85322
   00:008.600,     0.73270,    -0.69667,    19.88123
   00:008.620,     0.64623,    -0.70068,    19.98766
   00:008.640,     0.58126,    -0.68972,    20.06609
   00:008.660,     0.55042,    -0.66529,    20.17813
   00:008.680,     0.54781,    -0.65087,    20.23415
   00:008.700,     0.55257,    -0.65463,    20.25656
   00:008.720,     0.54271,    -0.65786,    20.25656
   00:008.740,     0.51890,    -0.65499,    20.23415
   00:008.760,     0.49910,    -0.65592,    20.21735
   00:008.780,     0.49592,    -0.65899,    20.25656
   00:008.800,     0.50134,    -0.65260,    20.26777
   00:008.820,     0.49074,    -0.63066,    20.25656
   00:008.840,     0.44773,    -0.60673,    20.25656
   00:008.860,     0.37975,    -0.59507,    20.26777
   00:008.880,     0.30917,    -0.58759,    20.32379
   00:008.900,     0.25249,    -0.57630,    20.41342
   00:008.920,     0.21379,    -0.56257,    20.50865
   00:008.940,     0.19021,    -0.55099,    20.57028
   00:008.960,     0.17779,    -0.53763,    20.59268
   00:008.980,     0.16754,    -0.51646,    20.61509
   00:009.000,     0.15678,    -0.49891,    20.61509
   00:009.020,     0.14522,    -0.49018,    20.62630
   00:009.040,     0.13507,    -0.47565,    20.62630
   00:009.060,     0.12863,    -0.44733,    20.63190
   00:009.080,     0.12471,    -0.40767,    20.65991
   00:009.100,     0.12127,    -0.37216,    20.65991
   00:009.120,     0.11810,    -0.34698,    20.65991
   00:009.140,     0.11554,    -0.32562,    20.65991
   00:009.160,     0.11365,    -0.31661,    20.66551
   00:009.180,     0.11257,    -0.32710,    20.65991
   00:009.200,     0.11141,    -0.32641,    20.67111
   00:009.220,     0.10994,    -0.29919,    20.66551
   00:009.240,     0.11120,    -0.27622,    20.67111
   00:009.260,     0.11158,    -0.28273,    20.65991
   00:009.280,     0.10823,    -0.27952,    20.66551
   00:009.300,     0.10614,    -0.23770,    20.65991
   00:009.320,     0.10576,    -0.16941,    20.67111
   00:009.340,     0.10538,    -0.08894,    20.65991
   00:009.360,     0.10486,     0.00000,    20.66551
   00:009.380,     0.10403,     0.00000,    20.66551
   00:009.400,     0.10471,     0.11468,    20.65991
   00:009.420,     0.10498,     0.15696,    20.65991
   00:009.440,     0.10313,     0.19568,    20.65991
   00:009.460,     0.10139,     0.21483,    20.65991
   00:009.480,     0.10289,     0.23269,    20.65991
   00:009.500,     0.10360,     0.27012,    20.67111
   00:009.520,     0.10173,     0.29769,    20.67111
   00:009.540,     0.10045,     0.29331,    20.67111
   00:009.560,     0.10014,     0.28031,    20.65991
   00:009.580,     0.09974,     0.29073,    20.67111
   00:009.600,     0.09955,     0.32329,    20.67111
   00:009.620,     0.10041,     0.34883,    20.66551
   00:009.640,     0.10060,     0.35672,    20.67111
   00:009.660,     0.09887,     0.35557,    20.66551
   00:009.680,     0.09889,     0.36303,    20.67671
   00:009.700,     0.09826,     0.37891,    20.65991
   00:009.720,     0.09654,     0.39156,    20.68232
   00:009.740,     0.09827,     0.40061,    20.66551
   00:009.760,     0.09867,     0.41068,    20.66551
   00:009.780,     0.09747,     0.42219,    20.67111
   00:009.800,     0.09816,     0.43031,    20.67111
   00:009.820,     0.09845,     0.43635,    20.65991
   00:009.840,     0.09826,     0.44091,    20.65991
   00:009.860,     0.09955,     0.43904,    20.68232
   00:009.880,     0.10015,     0.43711,    20.66551
   00:009.900,     0.10042,     0.42843,    20.66551
   00:009.920,     0.09974,     0.42471,    20.66551
   00:009.940,     0.09805,     0.43132,    20.67111
   00:009.960,     0.09818,     0.43916,    20.65991
   00:009.980,     0.10060,     0.44408,    20.68232
   00:010.000,     0.10961,     0.45117,    20.67111
   00:010.020,     0.12682,     0.45958,    20.65991
   00:010.040,     0.14403,     0.46950,    20.66551
   00:010.060,     0.15593,     0.47836,    20.63750
   00:010.080,     0.16356,     0.48260,    20.62630
   00:010.100,     0.17313,     0.47558,    20.60389
   00:010.120,     0.18866,     0.45477,    20.60389
   00:010.140,     0.21321,     0.44263,    20.60389
   00:010.160,     0.25737,     0.43711,    20.58148
   00:010.180,     0.32750,     0.41396,    20.54787
   00:010.200,     0.42127,     0.38784,    20.48064
   00:010.220,     0.54042,     0.38287,    20.37981
   00:010.240,     0.70563,     0.39808,    20.23415
   00:010.260,     0.93595,     0.41488,    20.03248
   00:010.280,     1.22353,     0.41798,    19.75238
   00:010.300,     1.53093,     0.40577,    19.37144
   00:010.320,     1.81930,     0.39518,    18.87846
   00:010.340,     2.07732,     0.38548,    18.39669
   00:010.360,     2.31768,     0.37299,    17.97653
   00:010.380,     2.57414,     0.36591,    17.64041
   00:010.400,     2.85855,     0.37102,    17.29869
   00:010.420,     3.14571,     0.38176,    16.94016
   00:010.440,     3.41289,     0.39062,    16.55922
   00:010.460,     3.65609,     0.38831,    16.18949
   00:010.480,     3.87525,     0.37542,    15.86457
   00:010.500,     4.07130,     0.36408,    15.56206
   00:010.520,     4.24876,     0.36388,    15.33798
   00:010.540,     4.40822,     0.37090,    15.13070
   00:010.560,     4.54656,     0.37089,    14.94583
   00:010.580,     4.65928,     0.36385,    14.79458
   00:010.600,     4.75167,     0.34895,    14.65453
   00:010.620,     4.83176,     0.33188,    14.56490
   00:010.640,     4.89732,     0.32108,    14.47526
   00:010.660,     4.94927,     0.31337,    14.39683
   00:010.680,     4.99004,     0.30924,    14.34642
   00:010.700,     5.02784,     0.30699,    14.32401
   00:010.720,     5.06629,     0.29970,    14.28479
   00:010.740,     5.09814,     0.28948,    14.25118
   00:010.760,     5.12257,     0.28215,    14.21757
   00:010.780,     5.13926,     0.27343,    14.20637
   00:010.800,     5.15647,     0.27293,    14.18396
   00:010.820,     5.17690,     0.27548,    14.16715
   00:010.840,     5.19177,     0.27344,    14.15035
   00:010.860,     5.20596,     0.27295,    14.15035
   00:010.880,     5.21501,     0.27062,    14.13914
   00:010.900,     5.22178,     0.26306,    14.13914
   00:010.920,     5.23233,     0.25732,    14.15035
   00:010.940,     5.24170,     0.25423,    14.16155
   00:010.960,     5.24986,     0.25858,    14.15035
   00:010.980,     5.25771,     0.27215,    14.16715
   00:011.000,     5.26625,     0.28436,    14.16155
   00:011.020,     5.28219,     0.28640,    14.16155
   00:011.040,     5.30438,     0.28381,    14.12794
   00:011.060,     5.31975,     0.28117,    14.09993
   00:011.080,     5.33022,     0.27681,    14.05511
   00:011.100,     5.34963,     0.26957,    14.03830
   00:011.120,     5.36988,     0.25926,    14.00469
   00:011.140,     5.38829,     0.23643,    13.97108
   00:011.160,     5.39884,     0.20704,    13.92066
   00:011.180,     5.40681,     0.19814,    13.89265
   00:011.200,     5.41961,     0.21446,    13.85904
   00:011.220,     5.43285,     0.23836,    13.84784
   00:011.240,     5.43882,     0.25297,    13.83663
   00:011.260,     5.44459,     0.24695,    13.82543
   00:011.280,     5.44988,     0.23602,    13.81422
   00:011.300,     5.45139,     0.23344,    13.81422
   00:011.320,     5.45108,     0.22981,    13.80302
   00:011.340,     5.45152,     0.21849,    13.82543
   00:011.360,     5.45170,     0.21501,    13.82543
   00:011.380,     5.45350,     0.22244,    13.84784
   00:011.400,     5.45336,     0.22929,    13.84784
   00:011.420,     5.45740,     0.22404,    13.84784
   00:011.440,     5.46575,     0.20209,    13.83663
   00:011.460,     5.47154,     0.17635,    13.84784
   00:011.480,     5.47382,     0.15795,    13.83103
   00:011.500,     5.47930,     0.14628,    13.82543
   00:011.520,     5.48898,     0.13265,    13.82543
   00:011.540,     5.49818,     0.10964,    13.80302
   00:011.560,     5.50630,     0.08256,    13.79182
   00:011.580,     5.51459,     0.00000,    13.78621
   00:011.600,     5.52223,     0.00000,    13.76941
   00:011.620,     5.52893,     0.00000,    13.75820
   00:011.640,     5.53443,     0.00000,    13.73579
   00:011.660,     5.53924,     0.00000,    13.72459
   00:011.680,     5.54266,     0.00000,    13.71339
   00:011.700,     5.54671,     0.00000,    13.71339
   00:011.720,     5.55269,     0.00000,    13.68538
   00:011.740,     5.56153,    -0.15504,    13.68538
   00:011.760,     5.56700,    -0.23547,    13.66857
   00:011.780,     5.56832,    -0.32628,    13.66857
   00:011.800,     5.57407,    -0.39640,    13.65176
   00:011.820,     5.57899,    -0.44191,    13.66857
   00:011.840,     5.57958,    -0.47106,    13.65176
   00:011.860,     5.58296,    -0.49085,    13.62375
   00:011.880,     5.59015,    -0.50741,    13.63496
   00:011.900,     5.59603,    -0.52378,    13.62936
   00:011.920,     5.59997,    -0.54858,    13.61255
   00:011.940,     5.60245,    -0.58060,    13.62375
   00:011.960,     5.60527,    -0.60555,    13.60135
   00:011.980,     5.60550,    -0.61712,    13.60135
   00:012.000,     5.60687,    -0.62379,    13.59014
   00:012.020,     5.60809,    -0.62988,    13.60135
   00:012.040,     5.60707,    -0.62917,    13.60135
   00:012.060,     5.60766,    -0.62362,    13.59014
   00:012.080,     5.60566,    -0.62575,    13.60135
   00:012.100,     5.60379,    -0.63169,    13.60135
   00:012.120,     5.60451,    -0.63910,    13.59014
   00:012.140,     5.60384,    -0.66946,    13.60135
   00:012.160,     5.60118,    -0.71782,    13.60135
   00:012.180,     5.59484,    -0.74856,    13.59014
   00:012.200,     5.55540,    -0.74708,    13.57894
   00:012.220,     5.41710,    -0.73737,    13.61255
   00:012.240,     5.02315,    -0.74604,    13.67417
   00:012.260,     4.21541,    -0.77003,    13.91506
   00:012.280,     3.14072,    -0.78156,    14.55369
   00:012.300,     2.16784,    -0.76797,    15.76373
   00:012.320,     1.47963,    -0.74922,    17.26508
   00:012.340,     1.03442,    -0.74586,    18.58716
   00:012.360,     0.74496,    -0.74882,    19.50029
   00:012.380,     0.55615,    -0.74581,    20.04369
   00:012.400,     0.43378,    -0.73643,    20.34059
   00:012.420,     0.35147,    -0.73458,    20.50305
   00:012.440,     0.29613,    -0.74524,    20.59829
   00:012.460,     0.25745,    -0.75225,    20.65991
   00:012.480,     0.22946,    -0.74970,    20.68232
   00:012.500,     0.20976,    -0.73743,    20.70473
   00:012.520,     0.19561,    -0.72629,    20.74954
   00:012.540,     0.18337,    -0.73082,    20.73834
   00:012.560,     0.17436,    -0.74406,    20.74954
   00:012.580,     0.16781,    -0.75155,    20.72713
   00:012.600,     0.16017,    -0.75440,    20.72713
   00:012.620,     0.15515,    -0.76257,    20.72153
   00:012.640,     0.15534,    -0.76580,    20.71593
   00:012.660,     0.16161,    -0.75579,    20.70473
   00:012.680,     0.18200,    -0.74506,    20.69352
   00:012.700,     0.21762,    -0.74037,    20.65991
   00:012.720,     0.24588,    -0.73578,    20.62630
   00:012.740,     0.24389,    -0.72711,    20.57028
   00:012.760,     0.21997,    -0.71033,    20.52546
   00:012.780,     0.19259,    -0.68579,    20.51426
   00:012.800,     0.17101,    -0.65864,    20.55347
   00:012.820,     0.15535,    -0.62543,    20.59268
   00:012.840,     0.14461,    -0.58152,    20.62069
   00:012.860,     0.13811,    -0.54217,    20.62069
   00:012.880,     0.13352,    -0.52328,    20.62630
   00:012.900,     0.13070,    -0.51743,    20.63750
   00:012.920,     0.12709,    -0.51542,    20.62630
   00:012.940,     0.12325,    -0.52417,    20.63750
   00:012.960,     0.12154,    -0.53964,    20.62630
   00:012.980,     0.11981,    -0.53918,    20.63750
   00:013.000,     0.11783,    -0.51844,    20.63750
   00:013.020,     0.11656,    -0.48686,    20.62630
   00:013.040,     0.11518,    -0.44498,    20.62630
   00:013.060,     0.11427,    -0.39849,    20.62630
   00:013.080,     0.11403,    -0.36122,    20.62630
   00:013.100,     0.11339,    -0.32782,    20.61509
   00:013.120,     0.11209,    -0.29489,    20.63750
   00:013.140,     0.11181,    -0.26755,    20.63750
   00:013.160,     0.11152,    -0.23327,    20.62069
   00:013.180,     0.11129,    -0.16588,    20.62630
   00:013.200,     0.10986,     0.00000,    20.63750
   00:013.220,     0.10845,     0.14181,    20.62630
   00:013.240,     0.10826,     0.16984,    20.61509
   00:013.260,     0.10813,     0.19972,    20.63750
   00:013.280,     0.10754,     0.22703,    20.62630
   00:013.300,     0.10669,     0.25444,    20.63190
   00:013.320,     0.10643,     0.29014,    20.63190
   00:013.340,     0.10651,     0.31469,    20.63750
   00:013.360,     0.10551,     0.32585,    20.63750
   00:013.380,     0.10449,     0.34609,    20.62630
   00:013.400,     0.10488,     0.36887,    20.62630
   00:013.420,     0.10492,     0.36782,    20.62630
   00:013.440,     0.10449,     0.35536,    20.64310
   00:013.460,     0.10374,     0.36289,    20.63750
   00:013.480,     0.10348,     0.38449,    20.63750
   00:013.500,     0.10347,     0.39634,    20.64310
   00:013.520,     0.10296,     0.39526,    20.63750
   00:013.540,     0.10151,     0.39307,    20.63750
   00:013.560,     0.10155,     0.39773,    20.63190
   00:013.580,     0.10183,     0.40239,    20.62630
   00:013.600,     0.10047,     0.40913,    20.63750
   00:013.620,     0.10035,     0.41797,    20.65991
   00:013.640,     0.10114,     0.43380,    20.63750
   00:013.660,     0.10149,     0.45226,    20.65991
   00:013.680,     0.10174,     0.46136,    20.64870
   00:013.700,     0.10180,     0.46491,    20.62069
   00:013.720,     0.10128,     0.46906,    20.63750
   00:013.740,     0.10169,     0.46944,    20.64310
   00:013.760,     0.10188,     0.46781,    20.65991
   00:013.780,     0.10051,     0.45747,    20.64870
   00:013.800,     0.10159,     0.43842,    20.65991
   00:013.820,     0.10671,     0.42716,    20.65991
   00:013.840,     0.11439,     0.42642,    20.65431
   00:013.860,     0.12260,     0.43166,    20.63750
   00:013.880,     0.13028,     0.45161,    20.62630
   00:013.900,     0.13560,     0.48350,    20.62630
   00:013.920,     0.14060,     0.51254,    20.61509
   00:013.940,     0.15569,     0.53481,    20.63190
   00:013.960,     0.19237,     0.53558,    20.59268
   00:013.980,     0.25930,     0.51640,    20.59268
   00:014.000,     0.36160,     0.50364,    20.54787
   00:014.020,     0.49978,     0.48857,    20.44703
   00:014.040,     0.66783,     0.45629,    20.26777
   00:014.060,     0.85739,     0.43860,    20.05489
   00:014.080,     1.07072,     0.44148,    19.78599
   00:014.100,     1.31481,     0.43458,    19.48348
   00:014.120,     1.57669,     0.42623,    19.15296
   00:014.140,     1.83237,     0.43688,    18.75522
   00:014.160,     2.07719,     0.46510,    18.36307
   00:014.180,     2.32470,     0.48649,    17.97093
   00:014.200,     2.58526,     0.49181,    17.63481
   00:014.220,     2.85231,     0.49085,    17.29869
   00:014.240,     3.11463,     0.48993,    16.96257
   00:014.260,     3.36743,     0.49149,    16.59283
   00:014.280,     3.59231,     0.49068,    16.27352
   00:014.300,     3.77677,     0.48487,    15.96540
   00:014.320,     3.93507,     0.48929,    15.73012
   00:014.340,     4.07922,     0.49940,    15.53965
   00:014.360,     4.20943,     0.51350,    15.37159
   00:014.380,     4.32710,     0.52659,    15.24834
   00:014.400,     4.43222,     0.52469,    15.13070
   00:014.420,     4.52449,     0.51394,    15.02426
   00:014.440,     4.60796,     0.50203,    14.91222
   00:014.460,     4.68232,     0.49644,    14.84500
   00:014.480,     4.74437,     0.50203,    14.76657
   00:014.500,     4.79516,     0.50625,    14.71615
   00:014.520,     4.83111,     0.49167,    14.64332
   00:014.540,     4.86829,     0.46602,    14.59291
   00:014.560,     4.90416,     0.45207,    14.56490
   00:014.580,     4.92907,     0.44811,    14.54249
   00:014.600,     4.95351,     0.44305,    14.52008
   00:014.620,     4.98032,     0.44474,    14.50888
   00:014.640,     5.00506,     0.45133,    14.47526
   00:014.660,     5.02578,     0.44644,    14.45286
   00:014.680,     5.04209,     0.43896,    14.43605
   00:014.700,     5.05812,     0.44055,    14.43045
   00:014.720,     5.06854,     0.44445,    14.41364
   00:014.740,     5.07516,     0.44523,    14.40244
   00:014.760,     5.08066,     0.43949,    14.39683
   00:014.780,     5.08592,     0.42635,    14.40804
   00:014.800,     5.09261,     0.41460,    14.43045
   00:014.820,     5.10041,     0.41261,    14.41924
   00:014.840,     5.11008,     0.40607,    14.43045
   00:014.860,     5.12308,     0.39863,    14.43045
   00:014.880,     5.13755,     0.39991,    14.43045
   00:014.900,     5.15826,     0.40526,    14.39683
   00:014.920,     5.17795,     0.40625,    14.37443
   00:014.940,     5.19534,     0.39350,    14.32961
   00:014.960,     5.21671,     0.37482,    14.28479
   00:014.980,     5.23531,     0.36028,    14.25118
   00:015.000,     5.24615,     0.34934,    14.21757
   00:015.020,     5.26123,     0.34029,    14.18396
   00:015.040,     5.27755,     0.33512,    14.14474
   00:015.060,     5.28445,     0.33517,    14.12234
   00:015.080,     5.28996,     0.32221,    14.10553
   00:015.100,     5.29512,     0.29862,    14.11113
   00:015.120,     5.30118,     0.28951,    14.10553
   00:015.140,     5.30446,     0.30560,    14.09993
   00:015.160,     5.30873,     0.31967,    14.10553
   00:015.180,     5.31379,     0.31655,    14.10553
   00:015.200,     5.31713,     0.31031,    14.11673
   00:015.220,     5.31895,     0.30294,    14.10553
   00:015.240,     5.32234,     0.29226,    14.11673
   00:015.260,     5.32725,     0.28166,    14.11673
   00:015.280,     5.33208,     0.27425,    14.11673
   00:015.300,     5.33954,     0.27230,    14.11673
   00:015.320,     5.34748,     0.27242,    14.09433
   00:015.340,     5.35329,     0.27322,    14.09433
   00:015.360,     5.35912,     0.26968,    14.08312
   00:015.380,     5.36848,     0.25296,    14.07192
   00:015.400,     5.37858,     0.23908,    14.06071
   00:015.420,     5.38755,     0.23240,    14.04951
   00:015.440,     5.39327,     0.23008,    14.03830
   00:015.460,     5.39784,     0.22318,    14.01029
   00:015.480,     5.40418,     0.20536,    14.01029
   00:015.500,     5.41064,     0.17496,    13.99349
   00:015.520,     5.41691,     0.13391,    13.98228
   00:015.540,     5.42445,     0.09052,    13.96548
   00:015.560,     5.43046,     0.00000,    13.94867
   00:015.580,     5.43293,     0.00000,    13.94307
   00:015.600,     5.43677,     0.00000,    13.92626
   00:015.620,     5.43856,     0.00000,    13.93747
   00:015.640,     5.44392,     0.00000,    13.90946
   00:015.660,     5.45257,     0.07635,    13.91506
   00:015.680,     5.45595,     0.07729,    13.90946
   00:015.700,     5.45940,     0.00000,    13.89265
   00:015.720,     5.46222,     0.00000,    13.89265
   00:015.740,     5.46407,     0.08227,    13.88145
   00:015.760,     5.47010,     0.10219,    13.87585
   00:015.780,     5.47454,     0.11227,    13.87024
   00:015.800,     5.47259,     0.11336,    13.85904
   00:015.820,     5.47313,     0.11129,    13.87024
   00:015.840,     5.47337,     0.10680,    13.87024
   00:015.860,     5.47195,     0.10369,    13.87585
   00:015.880,     5.47418,     0.10927,    13.88145
   00:015.900,     5.47310,     0.11212,    13.89825
   00:015.920,     5.46849,     0.10722,    13.90946
   00:015.940,     5.46694,     0.09289,    13.91506
   00:015.960,     5.47009,     0.00000,    13.91506
   00:015.980,     5.47145,     0.00000,    13.91506
   00:016.000,     5.47315,    -0.13066,    13.92066
   00:016.020,     5.47148,    -0.19260,    13.90386
   00:016.040,     5.46992,    -0.27592,    13.91506
   00:016.060,     5.47414,    -0.37109,    13.91506
   00:016.080,     5.47421,    -0.44110,    13.91506
   00:016.100,     5.47164,    -0.47316,    13.91506
   00:016.120,     5.47394,    -0.47895,    13.91506
   00:016.140,     5.48164,    -0.48695,    13.91506
   00:016.160,     5.49287,    -0.50941,    13.90386
   00:016.180,     5.49366,    -0.54115,    13.90386
   00:016.200,     5.49269,    -0.57832,    13.88145
   00:016.220,     5.49835,    -0.61215,    13.87585
   00:016.240,     5.50259,    -0.63118,    13.87024
   00:016.260,     5.50393,    -0.63499,    13.85904
   00:016.280,     5.50644,    -0.63540,    13.85904
   00:016.300,     5.50958,    -0.63353,    13.85904
   00:016.320,     5.51470,    -0.62836,    13.84784
   00:016.340,     5.51956,    -0.63141,    13.81422
   00:016.360,     5.52216,    -0.64058,    13.80302
   00:016.380,     5.52378,    -0.64433,    13.80302
   00:016.400,     5.52581,    -0.64267,    13.79182
   00:016.420,     5.53075,    -0.64619,    13.78061
   00:016.440,     5.53199,    -0.66438,    13.75820
   00:016.460,     5.51993,    -0.69926,    13.75820
   00:016.480,     5.44754,    -0.73967,    13.75820
   00:016.500,     5.12889,    -0.77027,    13.78061
   00:016.520,     4.32733,    -0.78605,    13.94867
   00:016.540,     3.21284,    -0.78807,    14.48647
   00:016.560,     2.21599,    -0.78248,    15.68530
   00:016.580,     1.51515,    -0.77936,    17.18105
   00:016.600,     1.06090,    -0.78199,    18.50873
   00:016.620,     0.76448,    -0.78070,    19.44987
   00:016.640,     0.57164,    -0.77165,    19.98766
   00:016.660,     0.44617,    -0.76447,    20.29017
   00:016.680,     0.36624,    -0.76515,    20.44703
   00:016.700,     0.31302,    -0.77082,    20.57028
   00:016.720,     0.27389,    -0.77967,    20.61509
   00:016.740,     0.24621,    -0.78912,    20.63750
   00:016.760,     0.22464,    -0.79705,    20.66551
   00:016.780,     0.20627,    -0.80371,    20.67111
   00:016.800,     0.19420,    -0.80950,    20.67671
   00:016.820,     0.18423,    -0.81166,    20.69352
   00:016.840,     0.17526,    -0.80482,    20.69352
   00:016.860,     0.17125,    -0.79471,    20.68792
   00:016.880,     0.17159,    -0.78598,    20.68232
   00:016.900,     0.17786,    -0.77342,    20.65991
   00:016.920,     0.20085,    -0.75763,    20.65991
   00:016.940,     0.25053,    -0.74562,    20.63190
   00:016.960,     0.33071,    -0.73476,    20.59268
   00:016.980,     0.42926,    -0.72099,    20.48625
   00:017.000,     0.51386,    -0.72155,    20.37421
   00:017.020,     0.54593,    -0.74199,    20.25656
   00:017.040,     0.51039,    -0.74912,    20.14452
   00:017.060,     0.43382,    -0.73159,    20.12772
   00:017.080,     0.35221,    -0.70718,    20.18934
   00:017.100,     0.28304,    -0.69345,    20.30138
   00:017.120,     0.23305,    -0.69434,    20.40222
   00:017.140,     0.19915,    -0.70090,    20.48064
   00:017.160,     0.17457,    -0.70404,    20.54787
   00:017.180,     0.15646,    -0.69868,    20.55907
   00:017.200,     0.14596,    -0.68590,    20.58148
   00:017.220,     0.13933,    -0.66919,    20.58148
   00:017.240,     0.13368,    -0.64700,    20.59268
   00:017.260,     0.13076,    -0.62443,    20.61509
   00:017.280,     0.12769,    -0.62057,    20.60389
   00:017.300,     0.12427,    -0.63679,    20.60389
   00:017.320,     0.12263,    -0.64544,    20.60389
   00:017.340,     0.12143,    -0.63117,    20.60389
   00:017.360,     0.11939,    -0.61233,    20.60389
   00:017.380,     0.11893,    -0.61324,    20.60389
   00:017.400,     0.11776,    -0.61382,    20.62630
   00:017.420,     0.11629,    -0.58296,    20.59829
   00:017.440,     0.11718,    -0.52577,    20.61509
   00:017.460,     0.11728,    -0.46890,    20.61509
   00:017.480,     0.11525,    -0.41233,    20.60389
   00:017.500,     0.11319,    -0.34463,    20.59268
   00:017.520,     0.11342,    -0.24993,    20.61509
   00:017.540,     0.11374,    -0.13508,    20.62069
   00:017.560,     0.11345,     0.00000,    20.60389
   00:017.580,     0.11215,     0.17383,    20.61509
   00:017.600,     0.11165,     0.23631,    20.60389
   00:017.620,     0.11098,     0.29876,    20.60389
   00:017.640,     0.10911,     0.32926,    20.60389
   00:017.660,     0.10889,     0.33488,    20.62069
   00:017.680,     0.10905,     0.33580,    20.61509
   00:017.700,     0.10737,     0.34140,    20.59829
   00:017.720,     0.10711,     0.35610,    20.61509
   00:017.740,     0.10662,     0.37355,    20.62069
   00:017.760,     0.10627,     0.38876,    20.61509
   00:017.780,     0.10741,     0.40889,    20.61509
   00:017.800,     0.10697,     0.42576,    20.61509
   00:017.820,     0.10502,     0.42872,    20.61509
   00:017.840,     0.10463,     0.42203,    20.60389
   00:017.860,     0.10582,     0.42269,    20.62069
   00:017.880,     0.10646,     0.43719,    20.62069
   00:017.900,     0.10686,     0.45000,    20.62069
   00:017.920,     0.10688,     0.44955,    20.62069
   00:017.940,     0.10472,     0.44684,    20.62069
   00:017.960,     0.10331,     0.45486,    20.61509
   00:017.980,     0.10240,     0.47332,    20.62630
   00:018.000,     0.10316,     0.48984,    20.62630
   00:018.020,     0.10356,     0.50336,    20.62630
   00:018.040,     0.10417,     0.51110,    20.62069
   00:018.060,     0.10493,     0.50678,    20.62630
   00:018.080,     0.10437,     0.50374,    20.61509
   00:018.100,     0.10360,     0.50081,    20.62069
   00:018.120,     0.10497,     0.48463,    20.62630
   00:018.140,     0.10806,     0.47945,    20.62069
   00:018.160,     0.11333,     0.50771,    20.62630
   00:018.180,     0.11981,     0.54053,    20.63750
   00:018.200,     0.12610,     0.55347,    20.61509
   00:018.220,     0.13131,     0.55171,    20.61509
   00:018.240,     0.13602,     0.54194,    20.62069
   00:018.260,     0.13939,     0.53279,    20.59829
   00:018.280,     0.14577,     0.53358,    20.59829
   00:018.300,     0.15636,     0.53590,    20.60389
   00:018.320,     0.17269,     0.52638,    20.59829
   00:018.340,     0.20802,     0.51263,    20.57028
   00:018.360,     0.27332,     0.51869,    20.54227
   00:018.380,     0.38025,     0.52901,    20.50305
   00:018.400,     0.55006,     0.52722,    20.40222
   00:018.420,     0.78315,     0.53483,    20.22295
   00:018.440,     1.05483,     0.54769,    19.94285
   00:018.460,     1.33844,     0.54440,    19.56191
   00:018.480,     1.63252,     0.53300,    19.13616
   00:018.500,     1.93689,     0.53089,    18.71600
   00:018.520,     2.24852,     0.53515,    18.29025
   00:018.540,     2.57744,     0.53772,    17.85889
   00:018.560,     2.92381,     0.54034,    17.43314
   00:018.580,     3.24466,     0.54811,    16.96817
   00:018.600,     3.49801,     0.55665,    16.51440
   00:018.620,     3.69399,     0.56348,    16.17828
   00:018.640,     3.86118,     0.56669,    15.90938
   00:018.660,     4.01128,     0.55956,    15.71331
   00:018.680,     4.14616,     0.55379,    15.57886
   00:018.700,     4.26220,     0.55360,    15.43881
   00:018.720,     4.35746,     0.54918,    15.31557
   00:018.740,     4.44279,     0.53814,    15.19232
   00:018.760,     4.52239,     0.52343,    15.10269
   00:018.780,     4.59313,     0.51541,    15.01866
   00:018.800,     4.65089,     0.50658,    14.93463
   00:018.820,     4.69745,     0.48399,    14.86741
   00:018.840,     4.73672,     0.45276,    14.81139
   00:018.860,     4.77024,     0.43480,    14.77777
   00:018.880,     4.79924,     0.44753,    14.76657
   00:018.900,     4.82366,     0.46277,    14.73296
   00:018.920,     4.84480,     0.46555,    14.71055
   00:018.940,     4.86494,     0.45668,    14.70495
   00:018.960,     4.88336,     0.43898,    14.70495
   00:018.980,     4.90121,     0.41870,    14.71055
   00:019.000,     4.92038,     0.40024,    14.71055
   00:019.020,     4.93664,     0.38709,    14.70495
   00:019.040,     4.94954,     0.37720,    14.69934
   00:019.060,     4.96650,     0.37264,    14.67694
   00:019.080,     4.98467,     0.38783,    14.67694
   00:019.100,     4.99827,     0.40809,    14.67694
   00:019.120,     5.00762,     0.41498,    14.66013
   00:019.140,     5.02152,     0.42309,    14.65453
   00:019.160,     5.03524,     0.43816,    14.62652
   00:019.180,     5.04667,     0.43847,    14.63212
   00:019.200,     5.06101,     0.41767,    14.62092
   00:019.220,     5.07770,     0.38470,    14.57610
   00:019.240,     5.09214,     0.35065,    14.56490
   00:019.260,     5.10328,     0.32282,    14.55369
   00:019.280,     5.11486,     0.29662,    14.53689
   00:019.300,     5.12513,     0.28093,    14.52568
   00:019.320,     5.13320,     0.27359,    14.50888
   00:019.340,     5.14290,     0.27415,    14.49207
   00:019.360,     5.15202,     0.28383,    14.48087
   00:019.380,     5.15434,     0.28739,    14.47526
   00:019.400,     5.15552,     0.28618,    14.47526
   00:019.420,     5.15719,     0.28926,    14.45286
   00:019.440,     5.15788,     0.29436,    14.45846
   00:019.460,     5.15686,     0.29849,    14.45286
   00:019.480,     5.15591,     0.30528,    14.45286
   00:019.500,     5.15873,     0.30992,    14.47526
   00:019.520,     5.15980,     0.31222,    14.47526
   00:019.540,     5.15506,     0.31465,    14.48647
   00:019.560,     5.15541,     0.31647,    14.48647
   00:019.580,     5.15987,     0.31558,    14.48647
   00:019.600,     5.15903,     0.31801,    14.48087
   00:019.620,     5.15763,     0.32929,    14.52008
   00:019.640,     5.16300,     0.33677,    14.51448
   00:019.660,     5.17760,     0.33944,    14.49767
   00:019.680,     5.19357,     0.33623,    14.49207
   00:019.700,     5.20897,     0.32673,    14.47526
   00:019.720,     5.22370,     0.30613,    14.41364
   00:019.740,     5.23887,     0.26373,    14.37443
   00:019.760,     5.25376,     0.20617,    14.34081
   00:019.780,     5.26635,     0.17067,    14.31841
   00:019.800,     5.27818,     0.18467,    14.27919
   00:019.820,     5.29172,     0.21656,    14.26239
   00:019.840,     5.30091,     0.24141,    14.22877
   00:019.860,     5.30915,     0.24578,    14.20637
   00:019.880,     5.31635,     0.23261,    14.21197
   00:019.900,     5.31876,     0.21625,    14.20637
   00:019.920,     5.32211,     0.19871,    14.18396
   00:019.940,     5.32945,     0.18031,    14.17275
   00:019.960,     5.33121,     0.16626,    14.17275
   00:019.980,     5.33203,     0.16110,    14.16715
   00:020.000,     5.33755,     0.16475,    14.16155
   00:020.020,     5.34014,     0.16392,    14.17275
   00:020.040,     5.34181,     0.15029,    14.17275
   00:020.060,     5.34452,     0.13176,    14.18396
   00:020.080,     5.34579,     0.11256,    14.16155
   00:020.100,     5.35063,     0.08439,    14.17275
   00:020.120,     5.35827,     0.00000,    14.16155
   00:020.140,     5.36234,     0.00000,    14.17275
   00:020.160,     5.36711,    -0.15581,    14.16155
   00:020.180,     5.37037,    -0.22014,    14.16155
   00:020.200,     5.37689,    -0.29247,    14.13914
   00:020.220,     5.38669,    -0.35609,    14.13354
   00:020.240,     5.39290,    -0.40622,    14.11673
   00:020.260,     5.39684,    -0.44906,    14.09993
   00:020.280,     5.40332,    -0.48327,    14.08872
   00:020.300,     5.41074,    -0.50888,    14.07192
   00:020.320,     5.41252,    -0.52878,    14.07192
   00:020.340,     5.41181,    -0.55261,    14.07192
   00:020.360,     5.41228,    -0.58139,    14.06071
   00:020.380,     5.41433,    -0.60712,    14.04951
   00:020.400,     5.41547,    -0.62391,    14.04951
   00:020.420,     5.41692,    -0.64016,    14.07192
   00:020.440,     5.41931,    -0.66989,    14.07192
   00:020.460,     5.41752,    -0.70677,    14.06631
   00:020.480,     5.41480,    -0.74020,    14.06071
   00:020.500,     5.41750,    -0.76367,    14.06631
   00:020.520,     5.41862,    -0.77083,    14.05511
   00:020.540,     5.41669,    -0.77595,    14.07192
   00:020.560,     5.41644,    -0.79925,    14.07192
   00:020.580,     5.41283,    -0.83196,    14.05511
   00:020.600,     5.39765,    -0.86346,    14.04951
   00:020.620,     5.34157,    -0.89040,    14.07192
   00:020.640,     5.20627,    -0.90250,    14.08872
   00:020.660,     4.96184,    -0.90464,    14.18396
   00:020.680,     4.53377,    -0.92447,    14.38563
   00:020.700,     3.87756,    -0.96349,    14.76657
   00:020.720,     3.16405,    -0.98724,    15.41641
   00:020.740,     2.60503,    -0.98361,    16.35755
   00:020.760,     2.11599,    -0.96725,    17.28748
   00:020.780,     1.59602,    -0.96294,    18.03816
   00:020.800,     1.13851,    -0.97432,    18.68799
   00:020.820,     0.81757,    -0.98757,    19.31542
   00:020.840,     0.60766,    -0.99300,    19.83081
   00:020.860,     0.46792,    -0.99320,    20.20054
   00:020.880,     0.37462,    -0.99282,    20.41342
   00:020.900,     0.31108,    -0.98967,    20.52546
   00:020.920,     0.26840,    -0.97576,    20.59268
   00:020.940,     0.23949,    -0.95859,    20.62630
   00:020.960,     0.21863,    -0.95855,    20.65991
   00:020.980,     0.20407,    -0.96990,    20.67111
   00:021.000,     0.19331,    -0.97844,    20.67111
   00:021.020,     0.18624,    -0.98409,    20.67111
   00:021.040,     0.17920,    -0.98694,    20.65991
   00:021.060,     0.17180,    -0.99322,    20.65991
   00:021.080,     0.16637,    -1.00401,    20.64870
   00:021.100,     0.15951,    -1.00340,    20.65991
   00:021.120,     0.15436,    -0.98866,    20.65991
   00:021.140,     0.15113,    -0.97175,    20.64310
   00:021.160,     0.14653,    -0.96000,    20.63190
   00:021.180,     0.14406,    -0.94534,    20.62630
   00:021.200,     0.14322,    -0.91991,    20.61509
   00:021.220,     0.14045,    -0.88571,    20.62630
   00:021.240,     0.13854,    -0.85757,    20.62069
   00:021.260,     0.13605,    -0.85188,    20.61509
   00:021.280,     0.13404,    -0.85202,    20.61509
   00:021.300,     0.13280,    -0.83166,    20.61509
   00:021.320,     0.13114,    -0.79449,    20.60949
   00:021.340,     0.12952,    -0.75767,    20.59829
   00:021.360,     0.12921,    -0.72793,    20.59268
   00:021.380,     0.12756,    -0.70405,    20.59829
   00:021.400,     0.12579,    -0.67719,    20.60389
   00:021.420,     0.12567,    -0.63925,    20.60389
   00:021.440,     0.12532,    -0.59571,    20.59268
   00:021.460,     0.12380,    -0.54754,    20.59268
   00:021.480,     0.12225,    -0.48591,    20.59268
   00:021.500,     0.12184,    -0.40783,    20.59268
   00:021.520,     0.11997,    -0.33056,    20.59268
   00:021.540,     0.11984,    -0.25994,    20.60389
   00:021.560,     0.12075,    -0.18292,    20.59268
   00:021.580,     0.11909,     0.00000,    20.59268
   00:021.600,     0.11633,     0.14381,    20.58708
   00:021.620,     0.11559,     0.22062,    20.59268
   00:021.640,     0.11609,     0.33406,    20.59268
   00:021.660,     0.11609,     0.43719,    20.59268
   00:021.680,     0.11438,     0.50056,    20.59268
   00:021.700,     0.11227,     0.51668,    20.59268
   00:021.720,     0.11091,     0.50576,    20.59268
   00:021.740,     0.11211,     0.49271,    20.61509
   00:021.760,     0.11266,     0.47713,    20.59829
   00:021.780,     0.11147,     0.46479,    20.59829
   00:021.800,     0.11093,     0.45489,    20.59268
   00:021.820,     0.11082,     0.45389,    20.61509
   00:021.840,     0.10989,     0.47875,    20.61509
   00:021.860,     0.10849,     0.50905,    20.59829
   00:021.880,     0.10818,     0.51950,    20.58708
   00:021.900,     0.10799,     0.53077,    20.60389
   00:021.920,     0.10763,     0.55945,    20.60389
   00:021.940,     0.10866,     0.60542,    20.60389
   00:021.960,     0.10930,     0.64349,    20.59268
   00:021.980,     0.10981,     0.65302,    20.59268
   00:022.000,     0.11016,     0.65092,    20.59829
   00:022.020,     0.11052,     0.64618,    20.61509
   00:022.040,     0.10983,     0.64717,    20.61509
   00:022.060,     0.11014,     0.65246,    20.60389
   00:022.080,     0.11186,     0.63952,    20.60389
   00:022.100,     0.11106,     0.61318,    20.60389
   00:022.120,     0.11074,     0.60345,    20.60389
   00:022.140,     0.11142,     0.60578,    20.59829
   00:022.160,     0.11291,     0.61273,    20.61509
   00:022.180,     0.11513,     0.62946,    20.60389
   00:022.200,     0.11740,     0.64091,    20.61509
   00:022.220,     0.12154,     0.63817,    20.62630
   00:022.240,     0.13036,     0.64582,    20.60389
   00:022.260,     0.14905,     0.65600,    20.60389
   00:022.280,     0.18386,     0.64679,    20.59268
   00:022.300,     0.24346,     0.63561,    20.57588
   00:022.320,     0.33933,     0.62815,    20.53666
   00:022.340,     0.48173,     0.61617,    20.43583
   00:022.360,     0.67825,     0.60444,    20.30138
   00:022.380,     0.93579,     0.60992,    20.07730
   00:022.400,     1.26019,     0.62400,    19.76919
   00:022.420,     1.64114,     0.61752,    19.36024
   00:022.440,     2.03822,     0.59778,    18.85045
   00:022.460,     2.40704,     0.58673,    18.24543
   00:022.480,     2.73495,     0.58333,    17.68523
   00:022.500,     3.02767,     0.56022,    17.20906
   00:022.520,     3.29511,     0.53734,    16.78890
   00:022.540,     3.53419,     0.55122,    16.46399
   00:022.560,     3.73601,     0.58943,    16.18949
   00:022.580,     3.90361,     0.61407,    15.94300
   00:022.600,     4.04106,     0.61413,    15.75813
   00:022.620,     4.15108,     0.60467,    15.64049
   00:022.640,     4.24182,     0.59417,    15.52845
   00:022.660,     4.31911,     0.58154,    15.42761
   00:022.680,     4.38749,     0.56066,    15.38279
   00:022.700,     4.44316,     0.54316,    15.32677
   00:022.720,     4.49022,     0.53968,    15.28196
   00:022.740,     4.53633,     0.53798,    15.25955
   00:022.760,     4.57572,     0.54459,    15.22594
   00:022.780,     4.60872,     0.54815,    15.20353
   00:022.800,     4.64350,     0.54278,    15.17552
   00:022.820,     4.67081,     0.54891,    15.14751
   00:022.840,     4.68971,     0.57484,    15.13070
   00:022.860,     4.70977,     0.59846,    15.11390
   00:022.880,     4.72892,     0.60507,    15.11950
   00:022.900,     4.74404,     0.61390,    15.09149
   00:022.920,     4.75916,     0.61279,    15.08028
   00:022.940,     4.77692,     0.59378,    15.08589
   00:022.960,     4.79188,     0.56252,    15.05787
   00:022.980,     4.80405,     0.52526,    15.05787
   00:023.000,     4.81639,     0.49369,    15.04667
   00:023.020,     4.83008,     0.47613,    15.02426
   00:023.040,     4.84318,     0.46331,    15.01306
   00:023.060,     4.85143,     0.45346,    14.99625
   00:023.080,     4.85833,     0.44786,    15.00185
   00:023.100,     4.86841,     0.44758,    14.99065
   00:023.120,     4.87944,     0.43956,    14.97945
   00:023.140,     4.88523,     0.42807,    14.97945
   00:023.160,     4.88529,     0.43184,    14.96824
   00:023.180,     4.88707,     0.43852,    14.98505
   00:023.200,     4.88737,     0.43853,    15.00185
   00:023.220,     4.88850,     0.42921,    14.99065
   00:023.240,     4.89559,     0.41367,    15.00185
   00:023.260,     4.90479,     0.39892,    15.01306
   00:023.280,     4.91542,     0.38277,    14.99625
   00:023.300,     4.92901,     0.36085,    14.99065
   00:023.320,     4.94400,     0.33954,    14.95704
   00:023.340,     4.95689,     0.31132,    14.92343
   00:023.360,     4.96923,     0.27095,    14.90102
   00:023.380,     4.98622,     0.24453,    14.87861
   00:023.400,     5.00432,     0.22873,    14.84500
   00:023.420,     5.02206,     0.19752,    14.80018
   00:023.440,     5.03743,     0.16384,    14.76657
   00:023.460,     5.04848,     0.16253,    14.74416
   00:023.480,     5.05471,     0.18351,    14.72175
   00:023.500,     5.05748,     0.20199,    14.72175
   00:023.520,     5.06274,     0.21178,    14.72175
   00:023.540,     5.06588,     0.21131,    14.72735
   00:023.560,     5.06576,     0.20462,    14.72735
   00:023.580,     5.07155,     0.19587,    14.72175
   00:023.600,     5.07945,     0.18291,    14.72175
   00:023.620,     5.08044,     0.16932,    14.71615
   00:023.640,     5.08316,     0.16810,    14.72175
   00:023.660,     5.08841,     0.18403,    14.71615
   00:023.680,     5.09299,     0.19932,    14.70495
   00:023.700,     5.09896,     0.20529,    14.69934
   00:023.720,     5.10524,     0.20323,    14.69934
   00:023.740,     5.11084,     0.19668,    14.68814
   00:023.760,     5.11715,     0.19331,    14.68254
   00:023.780,     5.12761,     0.19511,    14.68254
   00:023.800,     5.13892,     0.19486,    14.66573
   00:023.820,     5.14390,     0.18389,    14.65453
   00:023.840,     5.14615,     0.16872,    14.63212
   00:023.860,     5.15242,     0.15429,    14.62092
   00:023.880,     5.15811,     0.13609,    14.62092
   00:023.900,     5.15762,     0.11950,    14.60971
   00:023.920,     5.15844,     0.11316,    14.62092
   00:023.940,     5.16039,     0.10595,    14.60971
   00:023.960,     5.16364,     0.09588,    14.59851
   00:023.980,     5.16826,     0.08307,    14.59851
   00:024.000,     5.16621,     0.00000,    14.60971
   00:024.020,     5.16403,     0.00000,    14.59291
   00:024.040,     5.16637,     0.00000,    14.58170
   00:024.060,     5.16685,     0.00000,    14.58730
   00:024.080,     5.16472,     0.00000,    14.58730
   00:024.100,     5.16419,    -0.13147,    14.60971
   00:024.120,     5.16367,    -0.17923,    14.58730
   00:024.140,     5.16501,    -0.22113,    14.59851
   00:024.160,     5.16998,    -0.25171,    14.59851
   00:024.180,     5.17020,    -0.28750,    14.58730
   00:024.200,     5.16912,    -0.33506,    14.59851
   00:024.220,     5.17283,    -0.38198,    14.59291
   00:024.240,     5.17441,    -0.42229,    14.58730
   00:024.260,     5.17267,    -0.46419,    14.58730
   00:024.280,     5.17216,    -0.50031,    14.59851
   00:024.300,     5.17074,    -0.53813,    14.59851
   00:024.320,     5.16741,    -0.57920,    14.59851
   00:024.340,     5.16624,    -0.61669,    14.60971
   00:024.360,     5.16391,    -0.66260,    14.63212
   00:024.380,     5.15967,    -0.71689,    14.63212
   00:024.400,     5.15703,    -0.75197,    14.63212
   00:024.420,     5.15687,    -0.75791,    14.63212
   00:024.440,     5.15799,    -0.74912,    14.63212
   00:024.460,     5.15545,    -0.74549,    14.63212
   00:024.480,     5.15077,    -0.75797,    14.62092
   00:024.500,     5.13256,    -0.78053,    14.63212
   00:024.520,     5.03639,    -0.80793,    14.63212
   00:024.540,     4.75651,    -0.83678,    14.67694
   00:024.560,     4.35115,    -0.85559,    14.82259
   00:024.580,     4.00364,    -0.85655,    15.20913
   00:024.600,     3.74761,    -0.84074,    15.70771
   00:024.620,     3.45744,    -0.81775,    16.13347
   00:024.640,     2.96296,    -0.80774,    16.49200
   00:024.660,     2.27653,    -0.81507,    16.91215
   00:024.680,     1.61660,    -0.81912,    17.58999
   00:024.700,     1.13058,    -0.81302,    18.46951
   00:024.720,     0.80929,    -0.80813,    19.29301
   00:024.740,     0.59942,    -0.80763,    19.87562
   00:024.760,     0.46068,    -0.80221,    20.22295
   00:024.780,     0.36812,    -0.79441,    20.40222
   00:024.800,     0.30589,    -0.78846,    20.51426
   00:024.820,     0.26483,    -0.78650,    20.59268
   00:024.840,     0.23442,    -0.78765,    20.62630
   00:024.860,     0.21276,    -0.78339,    20.62630
   00:024.880,     0.19728,    -0.76644,    20.63190
   00:024.900,     0.18514,    -0.74434,    20.64310
   00:024.920,     0.17707,    -0.73328,    20.66551
   00:024.940,     0.17043,    -0.74048,    20.65991
   00:024.960,     0.16405,    -0.75426,    20.65991
   00:024.980,     0.15966,    -0.76132,    20.64870
   00:025.000,     0.15538,    -0.76038,    20.63750
   00:025.020,     0.15220,    -0.75969,    20.62630
   00:025.040,     0.14829,    -0.76249,    20.63750
   00:025.060,     0.14492,    -0.76312,    20.62630
   00:025.080,     0.14276,    -0.75608,    20.62069
   00:025.100,     0.14134,    -0.74581,    20.61509
   00:025.120,     0.14023,    -0.73604,    20.61509
   00:025.140,     0.13844,    -0.72317,    20.60949
   00:025.160,     0.13541,    -0.70908,    20.61509
   00:025.180,     0.13380,    -0.69958,    20.60389
   00:025.200,     0.13229,    -0.69253,    20.59268
   00:025.220,     0.13015,    -0.68189,    20.59829
   00:025.240,     0.12814,    -0.66015,    20.59268
   00:025.260,     0.12677,    -0.62596,    20.59268
   00:025.280,     0.12551,    -0.60104,    20.58148
   00:025.300,     0.12578,    -0.60331,    20.59268
   00:025.320,     0.12576,    -0.59754,    20.58708
   00:025.340,     0.12467,    -0.55815,    20.58148
   00:025.360,     0.12341,    -0.50364,    20.59268
   00:025.380,     0.12299,    -0.45158,    20.58148
   00:025.400,     0.12139,    -0.39899,    20.58148
   00:025.420,     0.11971,    -0.34703,    20.58708
   00:025.440,     0.12088,    -0.29240,    20.57028
   00:025.460,     0.12023,    -0.23412,    20.59268
   00:025.480,     0.11933,    -0.18025,    20.59268
   00:025.500,     0.11774,    -0.11055,    20.57028
   00:025.520,     0.11618,     0.00000,    20.58148
   00:025.540,     0.11707,     0.18875,    20.59268
   00:025.560,     0.11792,     0.23588,    20.58148
   00:025.580,     0.11650,     0.25750,    20.59268
   00:025.600,     0.11526,     0.26548,    20.57588
   00:025.620,     0.11410,     0.29275,    20.58148
   00:025.640,     0.11380,     0.32739,    20.58148
   00:025.660,     0.11495,     0.33880,    20.58148
   00:025.680,     0.11317,     0.33853,    20.57588
   00:025.700,     0.10988,     0.34764,    20.58148
   00:025.720,     0.10971,     0.36696,    20.60389
   00:025.740,     0.11012,     0.39348,    20.59268
   00:025.760,     0.10822,     0.41962,    20.60389
   00:025.780,     0.10759,     0.43387,    20.59268
   00:025.800,     0.10913,     0.45000,    20.58148
   00:025.820,     0.10912,     0.46911,    20.58708
   00:025.840,     0.10719,     0.49151,    20.59268
   00:025.860,     0.10760,     0.51344,    20.59268
   00:025.880,     0.10816,     0.52521,    20.59268
   00:025.900,     0.10767,     0.53670,    20.59829
   00:025.920,     0.10729,     0.55749,    20.59268
   00:025.940,     0.10694,     0.58071,    20.59268
   00:025.960,     0.10608,     0.58365,    20.60389
   00:025.980,     0.10561,     0.57475,    20.58148
   00:026.000,     0.10687,     0.57663,    20.59268
   00:026.020,     0.10862,     0.58781,    20.59829
   00:026.040,     0.10895,     0.58695,    20.60389
   00:026.060,     0.10771,     0.57488,    20.59268
   00:026.080,     0.10660,     0.57345,    20.59268
   00:026.100,     0.10949,     0.57158,    20.59268
   00:026.120,     0.11300,     0.55099,    20.60389
   00:026.140,     0.11638,     0.53139,    20.59268
   00:026.160,     0.11995,     0.52909,    20.60389
   00:026.180,     0.12284,     0.51485,    20.59268
   00:026.200,     0.12727,     0.50123,    20.59829
   00:026.220,     0.13094,     0.52058,    20.59268
   00:026.240,     0.13691,     0.54751,    20.58148
   00:026.260,     0.15519,     0.54611,    20.58708
   00:026.280,     0.19878,     0.52910,    20.58148
   00:026.300,     0.27750,     0.51595,    20.57028
   00:026.320,     0.39630,     0.50523,    20.48064
   00:026.340,     0.56028,     0.49828,    20.36860
   00:026.360,     0.78427,     0.49653,    20.21175
   00:026.380,     1.06978,     0.49883,    19.93164
   00:026.400,     1.39722,     0.49951,    19.60673
   00:026.420,     1.75867,     0.50722,    19.19218
   00:026.440,     2.14393,     0.51363,    18.69920
   00:026.460,     2.52570,     0.50842,    18.18941
   00:026.480,     2.87908,     0.49443,    17.66842
   00:026.500,     3.18952,     0.48684,    17.19785
   00:026.520,     3.45257,     0.48565,    16.80571
   00:026.540,     3.66957,     0.47706,    16.46959
   00:026.560,     3.85323,     0.46314,    16.22310
   00:026.580,     4.00605,     0.45124,    16.01582
   00:026.600,     4.13179,     0.43545,    15.85336
   00:026.620,     4.23414,     0.41745,    15.73012
   00:026.640,     4.31272,     0.40950,    15.64049
   00:026.660,     4.37126,     0.40914,    15.56206
   00:026.680,     4.42263,     0.40770,    15.50604
   00:026.700,     4.47384,     0.40746,    15.47243
   00:026.720,     4.52133,     0.40560,    15.43321
   00:026.740,     4.56145,     0.40575,    15.39400
   00:026.760,     4.59619,     0.41151,    15.37159
   00:026.780,     4.62081,     0.40835,    15.34918
   00:026.800,     4.63757,     0.39784,    15.32677
   00:026.820,     4.65063,     0.39325,    15.32117
   00:026.840,     4.66810,     0.39467,    15.31557
   00:026.860,     4.68152,     0.39330,    15.32677
   00:026.880,     4.68959,     0.38461,    15.32677
   00:026.900,     4.69982,     0.38129,    15.32677
   00:026.920,     4.71715,     0.38496,    15.32677
   00:026.940,     4.73424,     0.38412,    15.32677
   00:026.960,     4.74929,     0.37525,    15.30997
   00:026.980,     4.76708,     0.36517,    15.30436
   00:027.000,     4.78861,     0.35056,    15.28196
   00:027.020,     4.80914,     0.33686,    15.23714
   00:027.040,     4.82785,     0.33393,    15.21473
   00:027.060,     4.85058,     0.32820,    15.16992
   00:027.080,     4.87054,     0.29725,    15.14751
   00:027.100,     4.88650,     0.25494,    15.11390
   00:027.120,     4.90442,     0.24875,    15.08028
   00:027.140,     4.91949,     0.27569,    15.03547
   00:027.160,     4.92678,     0.30424,    15.01866
   00:027.180,     4.93473,     0.31821,    15.02986
   00:027.200,     4.94142,     0.31930,    15.01306
   00:027.220,     4.94480,     0.31237,    14.97945
   00:027.240,     4.94853,     0.29901,    15.01306
   00:027.260,     4.95293,     0.28597,    15.01306
   00:027.280,     4.95899,     0.27043,    14.99625
   00:027.300,     4.96154,     0.26300,    14.99625
   00:027.320,     4.96403,     0.27389,    14.99625
   00:027.340,     4.96842,     0.28668,    14.99065
   00:027.360,     4.97288,     0.27794,    15.01306
   00:027.380,     4.97612,     0.25859,    15.01306
   00:027.400,     4.98114,     0.24862,    14.99065
   00:027.420,     4.99048,     0.24136,    14.97945
   00:027.440,     4.99843,     0.22528,    14.97945
   00:027.460,     5.00415,     0.21034,    14.99065
   00:027.480,     5.01190,     0.19590,    14.98505
   00:027.500,     5.01819,     0.17640,    14.95704
   00:027.520,     5.02376,     0.15725,    14.95144
   00:027.540,     5.03228,     0.13799,    14.95704
   00:027.560,     5.04209,     0.11262,    14.92903
   00:027.580,     5.04777,     0.09036,    14.92343
   00:027.600,     5.05126,     0.08413,    14.88981
   00:027.620,     5.05539,     0.08743,    14.88981
   00:027.640,     5.06180,     0.08479,    14.90102
   00:027.660,     5.06461,     0.00000,    14.88421
   00:027.680,     5.06512,     0.00000,    14.87861
   00:027.700,     5.07020,     0.00000,    14.86741
   00:027.720,     5.07753,     0.08055,    14.86180
   00:027.740,     5.08199,     0.08668,    14.85620
   00:027.760,     5.07834,     0.08449,    14.85620
   00:027.780,     5.07598,     0.07834,    14.85620
   00:027.800,     5.08117,     0.08088,    14.85620
   00:027.820,     5.08503,     0.09265,    14.85620
   00:027.840,     5.08232,     0.10707,    14.86741
   00:027.860,     5.08361,     0.11229,    14.86741
   00:027.880,     5.08347,     0.09474,    14.86180
   00:027.900,     5.07897,     0.00000,    14.86741
   00:027.920,     5.08002,     0.00000,    14.88981
   00:027.940,     5.07960,     0.00000,    14.89542
   00:027.960,     5.07568,    -0.16383,    14.90662
   00:027.980,     5.07225,    -0.21479,    14.90102
   00:028.000,     5.06980,    -0.30312,    14.92343
   00:028.020,     5.06645,    -0.39847,    14.91782
   00:028.040,     5.06550,    -0.45216,    14.92903
   00:028.060,     5.06738,    -0.46337,    14.93463
   00:028.080,     5.06820,    -0.46212,    14.92343
   00:028.100,     5.07256,    -0.47724,    14.92343
   00:028.120,     5.07450,    -0.51849,    14.94583
   00:028.140,     5.07822,    -0.57443,    14.92903
   00:028.160,     5.08135,    -0.61898,    14.92903
   00:028.180,     5.08520,    -0.64740,    14.90662
   00:028.200,     5.08831,    -0.66987,    14.90662
   00:028.220,     5.09003,    -0.68727,    14.90662
   00:028.240,     5.09604,    -0.69726,    14.90102
   00:028.260,     5.10063,    -0.70705,    14.87861
   00:028.280,     5.10488,    -0.72613,    14.87861
   00:028.300,     5.11147,    -0.75413,    14.85620
   00:028.320,     5.11866,    -0.78151,    14.85620
   00:028.340,     5.12418,    -0.79790,    14.84500
   00:028.360,     5.12223,    -0.80289,    14.83379
   00:028.380,     5.11308,    -0.80946,    14.82259
   00:028.400,     5.08374,    -0.82240,    14.80578
   00:028.420,     5.02834,    -0.83325,    14.83379
   00:028.440,     4.95920,    -0.84250,    14.86741
   00:028.460,     4.83162,    -0.84835,    14.94583
   00:028.480,     4.41388,    -0.84511,    15.03547
   00:028.500,     3.52872,    -0.83042,    15.24834
   00:028.520,     2.50667,    -0.81404,    15.90938
   00:028.540,     1.73828,    -0.80518,    17.04660
   00:028.560,     1.25950,    -0.80350,    18.29585
   00:028.580,     0.95802,    -0.80333,    19.22579
   00:028.600,     0.75493,    -0.80364,    19.76919
   00:028.620,     0.61336,    -0.80604,    20.07170
   00:028.640,     0.50983,    -0.80227,    20.22855
   00:028.660,     0.43122,    -0.79021,    20.34619
   00:028.680,     0.37216,    -0.78073,    20.43583
   00:028.700,     0.32599,    -0.77475,    20.49185
   00:028.720,     0.28969,    -0.76275,    20.54787
   00:028.740,     0.25995,    -0.74467,    20.57028
   00:028.760,     0.23571,    -0.72855,    20.58708
   00:028.780,     0.21348,    -0.71756,    20.59829
   00:028.800,     0.19499,    -0.70975,    20.61509
   00:028.820,     0.18239,    -0.70698,    20.62630
   00:028.840,     0.17257,    -0.70849,    20.63750
   00:028.860,     0.16610,    -0.71044,    20.63750
   00:028.880,     0.16006,    -0.70572,    20.62630
   00:028.900,     0.15576,    -0.70332,    20.62630
   00:028.920,     0.15186,    -0.71679,    20.62069
   00:028.940,     0.14774,    -0.72514,    20.61509
   00:028.960,     0.14561,    -0.70910,    20.61509
   00:028.980,     0.14495,    -0.68025,    20.61509
   00:029.000,     0.14341,    -0.64618,    20.59268
   00:029.020,     0.14160,    -0.60586,    20.61509
   00:029.040,     0.13956,    -0.56265,    20.59268
   00:029.060,     0.13611,    -0.51686,    20.58148
   00:029.080,     0.13446,    -0.46680,    20.59268
   00:029.100,     0.13270,    -0.41797,    20.59268
   00:029.120,     0.13020,    -0.38039,    20.58708
   00:029.140,     0.12909,    -0.32736,    20.59268
   00:029.160,     0.12801,    -0.23697,    20.58148
   00:029.180,     0.12604,    -0.13316,    20.57028
   00:029.200,     0.12427,     0.00000,    20.59268
   00:029.220,     0.12483,     0.00000,    20.58148
   00:029.240,     0.12481,     0.19531,    20.57028
   00:029.260,     0.12234,     0.25746,    20.58148
   00:029.280,     0.12077,     0.31169,    20.57028
   00:029.300,     0.12070,     0.34527,    20.58148
   00:029.320,     0.12003,     0.37421,    20.58148
   00:029.340,     0.11960,     0.40253,    20.57028
   00:029.360,     0.11847,     0.42167,    20.58148
   00:029.380,     0.11698,     0.42673,    20.59268
   00:029.400,     0.11638,     0.42877,    20.57028
   00:029.420,     0.11650,     0.44139,    20.58148
   00:029.440,     0.11691,     0.45800,    20.58148
   00:029.460,     0.11657,     0.47267,    20.58148
   00:029.480,     0.11569,     0.48200,    20.57028
   00:029.500,     0.11433,     0.48792,    20.57588
   00:029.520,     0.11319,     0.50314,    20.57588
   00:029.540,     0.11311,     0.53351,    20.57028
   00:029.560,     0.11279,     0.55493,    20.58148
   00:029.580,     0.11190,     0.55700,    20.58708
   00:029.600,     0.11207,     0.55040,    20.59268
   00:029.620,     0.11279,     0.55347,    20.59268
   00:029.640,     0.11262,     0.56993,    20.58708
   00:029.660,     0.11154,     0.57855,    20.58148
   00:029.680,     0.11204,     0.57984,    20.58148
   00:029.700,     0.11437,     0.57971,    20.59268
   00:029.720,     0.11346,     0.57292,    20.59268
   00:029.740,     0.11098,     0.56716,    20.59268
   00:029.760,     0.11035,     0.57308,    20.59268
   00:029.780,     0.11130,     0.57930,    20.58708
   00:029.800,     0.11520,     0.57142,    20.58148
   00:029.820,     0.11908,     0.55793,    20.58148
   00:029.840,     0.12155,     0.57043,    20.59268
   00:029.860,     0.12564,     0.61376,    20.59268
   00:029.880,     0.12936,     0.65710,    20.58148
   00:029.900,     0.13380,     0.69348,    20.58148
   00:029.920,     0.14678,     0.73198,    20.58148
   00:029.940,     0.18064,     0.75247,    20.58708
   00:029.960,     0.24596,     0.73984,    20.55907
   00:029.980,     0.35472,     0.70816,    20.51426
   00:030.000,     0.51754,     0.67590,    20.41342
   00:030.020,     0.74520,     0.66130,    20.25656
   00:030.040,     1.04243,     0.66904,    19.99887
   00:030.060,     1.39070,     0.67814,    19.65714
   00:030.080,     1.75786,     0.67336,    19.22579
   00:030.100,     2.12215,     0.64934,    18.73281
   00:030.120,     2.47664,     0.60488,    18.23983
   00:030.140,     2.81532,     0.55986,    17.76926
   00:030.160,     3.12687,     0.51625,    17.34350
   00:030.180,     3.40188,     0.47663,    16.94576
   00:030.200,     3.63411,     0.42946,    16.62644
   00:030.220,     3.82581,     0.33979,    16.35755
   00:030.240,     3.98712,     0.18543,    16.12226
   00:030.260,     4.12021,     0.00000,    15.95420
   00:030.280,     4.22796,    -0.19009,    15.82535
   00:030.300,     4.31955,    -0.22820,    15.71891
   00:030.320,     4.39744,    -0.23562,    15.64609
   00:030.340,     4.46309,    -0.17967,    15.55646
   00:030.360,     4.51582,     0.00000,    15.52845
   00:030.380,     4.55619,     0.00000,    15.46682
   00:030.400,     4.58989,     0.13224,    15.43881
   00:030.420,     4.62020,     0.11987,    15.42201
   00:030.440,     4.64450,     0.07789,    15.41641
   00:030.460,     4.66598,     0.00000,    15.41641
   00:030.480,     4.68647,     0.00000,    15.39400
   00:030.500,     4.70476,     0.00000,    15.40520
   00:030.520,     4.72410,    -0.08831,    15.39400
   00:030.540,     4.74832,     0.00000,    15.37159
   00:030.560,     4.77550,     0.00000,    15.36038
   00:030.580,     4.80414,     0.00000,    15.32677
   00:030.600,     4.83137,     0.00000,    15.29876
   00:030.620,     4.85458,     0.12406,    15.24274
   00:030.640,     4.87337,     0.13173,    15.20353
   00:030.660,     4.88879,     0.14718,    15.19232
   00:030.680,     4.90277,     0.16451,    15.15871
   00:030.700,     4.91777,     0.15319,    15.13630
   00:030.720,     4.93086,     0.12088,    15.11390
   00:030.740,     4.93081,     0.09317,    15.10269
   00:030.760,     4.90302,     0.09017,    15.09149
   00:030.780,     4.78689,     0.12515,    15.10829
   00:030.800,     4.52010,     0.12653,    15.16992
   00:030.820,     4.19002,     0.10477,    15.37159
   00:030.840,     4.02418,     0.08561,    15.73012
   00:030.860,     4.10772,     0.00000,    16.14467
   00:030.880,     4.29670,     0.00000,    16.27912
   00:030.900,     4.43378,    -0.16381,    16.08865
   00:030.920,     4.48982,    -0.25339,    15.84216
   00:030.940,     4.44867,    -0.36797,    15.65169
   00:030.960,     4.28481,    -0.47177,    15.59567
   00:030.980,     4.04742,    -0.54832,    15.68530
   00:031.000,     3.83576,    -0.61859,    15.93179
   00:031.020,     3.70121,    -0.68797,    16.26791
   00:031.040,     3.64116,    -0.73635,    16.51440
   00:031.060,     3.64962,    -0.75811,    16.67126
   00:031.080,     3.72040,    -0.76556,    16.69927
   00:031.100,     3.83645,    -0.76375,    16.65445
   00:031.120,     3.97166,    -0.76036,    16.53681
   00:031.140,     4.09649,    -0.76112,    16.34634
   00:031.160,     4.21238,    -0.75466,    16.15027
   00:031.180,     4.33126,    -0.73756,    15.97661
   00:031.200,     4.45229,    -0.71990,    15.83096
   00:031.220,     4.57040,    -0.70245,    15.69090
   00:031.240,     4.67711,    -0.67872,    15.55085
   00:031.260,     4.75866,    -0.66170,    15.42761
   00:031.280,     4.81502,    -0.66696,    15.30436
   00:031.300,     4.85362,    -0.69467,    15.21473
   00:031.320,     4.86581,    -0.72003,    15.15311
   00:031.340,     4.82648,    -0.72938,    15.12510
   00:031.360,     4.74415,    -0.73720,    15.13630
   00:031.380,     4.63223,    -0.74589,    15.21473
   00:031.400,     4.42261,    -0.75282,    15.32677
   00:031.420,     4.01783,    -0.77066,    15.50044
   00:031.440,     3.43720,    -0.79997,    15.80295
   00:031.460,     2.76653,    -0.81599,    16.36315
   00:031.480,     2.09688,    -0.82206,    17.14183
   00:031.500,     1.55528,    -0.83645,    17.97093
   00:031.520,     1.21024,    -0.85034,    18.77763
   00:031.540,     1.01403,    -0.85343,    19.38265
   00:031.560,     0.86911,    -0.86446,    19.76358
   00:031.580,     0.71897,    -0.88972,    19.95405
   00:031.600,     0.57833,    -0.90877,    20.06609
   00:031.620,     0.47418,    -0.92358,    20.20054
   00:031.640,     0.40639,    -0.94452,    20.32379
   00:031.660,     0.35852,    -0.96013,    20.40222
   00:031.680,     0.31668,    -0.95450,    20.48064
   00:031.700,     0.27585,    -0.93005,    20.49185
   00:031.720,     0.23980,    -0.90404,    20.52546
   00:031.740,     0.21557,    -0.87816,    20.57028
   00:031.760,     0.19924,    -0.83837,    20.59829
   00:031.780,     0.18504,    -0.78779,    20.60389
   00:031.800,     0.17559,    -0.74343,    20.60949
   00:031.820,     0.17198,    -0.70887,    20.60389
   00:031.840,     0.17129,    -0.68353,    20.59268
   00:031.860,     0.17015,    -0.66186,    20.60389
   00:031.880,     0.16478,    -0.63714,    20.58148
   00:031.900,     0.15950,    -0.62784,    20.59268
   00:031.920,     0.15784,    -0.63884,    20.58708
   00:031.940,     0.15858,    -0.63861,    20.59268
   00:031.960,     0.15918,    -0.61703,    20.57028
   00:031.980,     0.15697,    -0.60096,    20.57028
   00:032.000,     0.15245,    -0.60590,    20.55907
   00:032.020,     0.14860,    -0.60842,    20.57028
   00:032.040,     0.14509,    -0.59248,    20.57028
   00:032.060,     0.13854,    -0.57269,    20.57028
   00:032.080,     0.13346,    -0.55189,    20.57028
   00:032.100,     0.13220,    -0.51057,    20.57028
   00:032.120,     0.13347,    -0.44586,    20.58148
   00:032.140,     0.13720,    -0.36994,    20.57588
   00:032.160,     0.13944,    -0.30325,    20.54787
   00:032.180,     0.14094,    -0.24949,    20.55907
   00:032.200,     0.14276,    -0.20152,    20.57028
   00:032.220,     0.14447,    -0.16568,    20.55907
   00:032.240,     0.14591,    -0.13061,    20.55907
   00:032.260,     0.14759,     0.00000,    20.53666
   00:032.280,     0.14824,     0.00000,    20.53666
   00:032.300,     0.14785,     0.00000,    20.54227
   00:032.320,     0.14658,     0.00000,    20.53666
   00:032.340,     0.14636,     0.00000,    20.54227
   00:032.360,     0.14722,     0.00000,    20.54787
   00:032.380,     0.14861,     0.00000,    20.54787
   00:032.400,     0.14641,     0.00000,    20.54787
   00:032.420,     0.14233,     0.14336,    20.53666
   00:032.440,     0.14006,     0.20537,    20.53666
   00:032.460,     0.13926,     0.26483,    20.53666
   00:032.480,     0.13839,     0.29637,    20.54787
   00:032.500,     0.13758,     0.29617,    20.55347
   00:032.520,     0.13725,     0.27436,    20.54787
   00:032.540,     0.13601,     0.24304,    20.54787
   00:032.560,     0.13401,     0.21170,    20.55907
   00:032.580,     0.13165,     0.18918,    20.53666
   00:032.600,     0.13045,     0.19502,    20.57028
   00:032.620,     0.12987,     0.21800,    20.57028
   00:032.640,     0.12844,     0.23650,    20.55347
   00:032.660,     0.12699,     0.25212,    20.53106
   00:032.680,     0.12624,     0.26971,    20.55907
   00:032.700,     0.12457,     0.28117,    20.57028
   00:032.720,     0.12359,     0.28809,    20.57028
   00:032.740,     0.12468,     0.30268,    20.57588
   00:032.760,     0.12452,     0.33724,    20.55907
   00:032.780,     0.12395,     0.37262,    20.58148
   00:032.800,     0.12468,     0.38039,    20.57028
   00:032.820,     0.12468,     0.36060,    20.57028
   00:032.840,     0.12451,     0.34767,    20.57028
   00:032.860,     0.12447,     0.35995,    20.55907
   00:032.880,     0.12472,     0.35829,    20.58148
   00:032.900,     0.12411,     0.35059,    20.57028
   00:032.920,     0.12224,     0.36158,    20.57028
   00:032.940,     0.12227,     0.37873,    20.57028
   00:032.960,     0.12314,     0.38866,    20.57028
   00:032.980,     0.12403,     0.39425,    20.57028
   00:033.000,     0.12686,     0.39705,    20.57028
   00:033.020,     0.12977,     0.39581,    20.57028
   00:033.040,     0.13166,     0.39062,    20.57028
   00:033.060,     0.13628,     0.38293,    20.57028
   00:033.080,     0.14019,     0.37675,    20.54787
   00:033.100,     0.14002,     0.37613,    20.57028
   00:033.120,     0.13985,     0.38148,    20.57028
   00:033.140,     0.14137,     0.39499,    20.55907
   00:033.160,     0.14462,     0.41596,    20.57028
   00:033.180,     0.14839,     0.44313,    20.57028
   00:033.200,     0.15126,     0.45978,    20.57028
   00:033.220,     0.15838,     0.45817,    20.55907
   00:033.240,     0.17630,     0.44671,    20.57028
   00:033.260,     0.21722,     0.43280,    20.57028
   00:033.280,     0.28790,     0.43027,    20.52546
   00:033.300,     0.38964,     0.44143,    20.48064
   00:033.320,     0.53227,     0.45763,    20.39101
   00:033.340,     0.72018,     0.47380,    20.23415
   00:033.360,     0.93162,     0.48788,    20.04369
   00:033.380,     1.14720,     0.50157,    19.79720
   00:033.400,     1.36762,     0.50755,    19.51709
   00:033.420,     1.58407,     0.48766,    19.24820
   00:033.440,     1.78014,     0.46477,    18.95689
   00:033.460,     1.97138,     0.47545,    18.69920
   00:033.480,     2.18565,     0.49571,    18.46391
   00:033.500,     2.43092,     0.49032,    18.21742
   00:033.520,     2.67890,     0.47414,    17.93732
   00:033.540,     2.90096,     0.46335,    17.63481
   00:033.560,     3.09011,     0.44508,    17.34911
   00:033.580,     3.27436,     0.41595,    17.09141
   00:033.600,     3.46801,     0.39821,    16.88414
   00:033.620,     3.64304,     0.39793,    16.69927
   00:033.640,     3.77656,     0.41178,    16.49200
   00:033.660,     3.88569,     0.43981,    16.32393
   00:033.680,     3.99804,     0.45897,    16.22310
   00:033.700,     4.10321,     0.45557,    16.12226
   00:033.720,     4.18495,     0.44042,    16.02142
   00:033.740,     4.24880,     0.42562,    15.91499
   00:033.760,     4.30672,     0.42231,    15.86457
   00:033.780,     4.36479,     0.42498,    15.84216
   00:033.800,     4.41284,     0.41572,    15.77494
   00:033.820,     4.45421,     0.39867,    15.73012
   00:033.840,     4.49849,     0.38346,    15.69090
   00:033.860,     4.53834,     0.37442,    15.65729
   00:033.880,     4.57111,     0.37439,    15.60687
   00:033.900,     4.59853,     0.37642,    15.59567
   00:033.920,     4.62371,     0.37712,    15.59567
   00:033.940,     4.64771,     0.38832,    15.56206
   00:033.960,     4.66667,     0.39189,    15.52845
   00:033.980,     4.68276,     0.38427,    15.52845
   00:034.000,     4.69408,     0.37513,    15.51724
   00:034.020,     4.70360,     0.36888,    15.50604
   00:034.040,     4.71309,     0.36982,    15.50604
   00:034.060,     4.72330,     0.37640,    15.50604
   00:034.080,     4.73033,     0.37751,    15.50604
   00:034.100,     4.73129,     0.36927,    15.50604
   00:034.120,     4.73010,     0.35952,    15.50604
   00:034.140,     4.73050,     0.35018,    15.52845
   00:034.160,     4.73110,     0.34608,    15.55085
   00:034.180,     4.72990,     0.35167,    15.55085
   00:034.200,     4.73237,     0.35758,    15.56766
   00:034.220,     4.74544,     0.36269,    15.57326
   00:034.240,     4.75981,     0.36885,    15.57326
   00:034.260,     4.77763,     0.37230,    15.55085
   00:034.280,     4.79719,     0.37513,    15.51724
   00:034.300,     4.81805,     0.36010,    15.48923
   00:034.320,     4.83610,     0.31155,    15.46682
   00:034.340,     4.85128,     0.24227,    15.42761
   00:034.360,     4.86869,     0.19907,    15.38279
   00:034.380,     4.88442,     0.19476,    15.35478
<WFATester Table End>
